<TICKER>,<INDICATOR>,<PER>,<DATE>,<TIME>,<OPEN>,<HIGH>,<LOW>,<CLOSE>,<VOL>,<OPENINT>
MEX,PB,D,20120525,000000,5.97811,5.97811,5.97811,5.97811,0,0
MEX,PB,D,20120528,000000,5.93829,5.97811,5.93829,5.93829,0,0
MEX,PB,D,20120531,000000,5.93829,5.93829,4.82042,4.82042,0,0
MEX,PB,D,20120601,000000,5.20095,5.20095,5.20095,5.20095,0,0
MEX,PB,D,20120613,000000,5.17713,5.26448,4.9631,5.17713,0,0
MEX,PB,D,20120614,000000,5.17713,5.17713,4.75698,4.89176,0,0
MEX,PB,D,20120615,000000,4.89176,4.89176,4.82042,4.82042,0,0
MEX,PB,D,20120618,000000,4.82042,4.82042,4.81251,4.81251,0,0
MEX,PB,D,20120619,000000,4.75698,4.75698,4.72526,4.72526,0,0
MEX,PB,D,20120620,000000,4.75698,4.75698,4.58248,4.58248,0,0
MEX,PB,D,20120621,000000,4.75698,4.75698,4.62229,4.68563,0,0
MEX,PB,D,20120622,000000,4.69354,4.69354,4.43979,4.66982,0,0
MEX,PB,D,20120625,000000,4.69354,4.69354,4.66982,4.66982,0,0
MEX,PB,D,20120626,000000,4.58248,4.58248,4.36054,4.58248,0,0
MEX,PB,D,20120627,000000,4.58248,4.58248,4.36054,4.58248,0,0
MEX,PB,D,20120628,000000,4.58248,4.58248,4.58248,4.58248,0,0
MEX,PB,D,20120629,000000,4.4637,4.4637,2.14069,2.14069,0,0
MEX,PB,D,20120702,000000,2.14069,2.14069,2.03744,2.14069,0,0
MEX,PB,D,20120703,000000,2.14069,2.14069,1.93457,2.12479,0,0
MEX,PB,D,20120704,000000,2.14069,2.14069,2.14069,2.14069,0,0
MEX,PB,D,20120705,000000,2.14069,2.14069,2.02163,2.03744,0,0
MEX,PB,D,20120706,000000,2.02163,2.02163,1.92657,2.02163,0,0
MEX,PB,D,20120709,000000,2.02163,2.02163,2.02163,2.02163,0,0
MEX,PB,D,20120710,000000,2.02163,2.02163,1.98991,2.02163,0,0
MEX,PB,D,20120711,000000,2.02163,2.02163,2.02163,2.02163,0,0
MEX,PB,D,20120712,000000,2.02163,2.02163,1.91075,1.99791,0,0
MEX,PB,D,20120716,000000,1.95038,1.95038,1.95038,1.95038,0,0
MEX,PB,D,20120717,000000,1.96619,1.96619,1.91866,1.91866,0,0
MEX,PB,D,20120719,000000,1.91866,1.91866,1.91866,1.91866,0,0
MEX,PB,D,20120720,000000,1.92657,1.92657,1.92657,1.92657,0,0
MEX,PB,D,20120724,000000,1.79969,1.92657,1.79969,1.92657,0,0
MEX,PB,D,20120726,000000,1.92657,1.92657,1.92657,1.92657,0,0
MEX,PB,D,20120801,000000,1.91866,1.92657,1.91866,1.91866,0,0
MEX,PB,D,20120806,000000,1.83141,1.91075,1.83141,1.91075,0,0
MEX,PB,D,20120807,000000,1.91075,1.91075,1.91075,1.91075,0,0
MEX,PB,D,20120808,000000,1.91075,1.91075,1.91075,1.91075,0,0
MEX,PB,D,20120809,000000,1.91075,1.91075,1.91075,1.91075,0,0
MEX,PB,D,20120810,000000,1.91075,1.91075,1.91075,1.91075,0,0
MEX,PB,D,20120813,000000,1.91075,1.91075,1.91075,1.91075,0,0
MEX,PB,D,20120814,000000,1.91075,1.91075,1.91075,1.91075,0,0
MEX,PB,D,20120816,000000,1.91075,1.91075,1.91075,1.91075,0,0
MEX,PB,D,20120817,000000,1.87894,1.91075,1.87894,1.87894,0,0
MEX,PB,D,20120820,000000,1.87894,1.87894,1.87894,1.87894,0,0
MEX,PB,D,20120821,000000,1.87894,1.87894,1.87894,1.87894,0,0
MEX,PB,D,20120822,000000,1.87894,1.87894,1.87894,1.87894,0,0
MEX,PB,D,20120823,000000,1.87894,1.87894,1.87894,1.87894,0,0
MEX,PB,D,20120824,000000,1.87894,1.87894,1.87894,1.87894,0,0
MEX,PB,D,20120827,000000,1.87894,1.87894,1.87894,1.87894,0,0
MEX,PB,D,20120828,000000,1.87894,1.87894,1.87894,1.87894,0,0
MEX,PB,D,20120829,000000,1.87894,1.87894,1.87894,1.87894,0,0
MEX,PB,D,20120830,000000,1.87894,1.87894,1.87894,1.87894,0,0
MEX,PB,D,20120831,000000,1.87894,1.87894,1.87894,1.87894,0,0
MEX,PB,D,20120903,000000,1.87894,1.87894,1.87894,1.87894,0,0
MEX,PB,D,20120904,000000,1.69663,1.87894,1.69663,1.87894,0,0
MEX,PB,D,20120905,000000,1.87894,1.87894,1.83941,1.83941,0,0
MEX,PB,D,20120906,000000,1.83941,1.83941,1.68082,1.68082,0,0
MEX,PB,D,20120907,000000,1.68082,1.68082,1.68082,1.68082,0,0
MEX,PB,D,20120910,000000,1.68082,1.68082,1.58566,1.68082,0,0
MEX,PB,D,20120911,000000,1.68082,1.68082,1.52222,1.56185,0,0
MEX,PB,D,20120912,000000,1.67291,1.67291,1.56185,1.67291,0,0
MEX,PB,D,20120913,000000,1.67291,1.67291,1.50631,1.55384,0,0
MEX,PB,D,20120914,000000,1.67291,1.67291,1.67291,1.67291,0,0
MEX,PB,D,20120917,000000,1.53013,1.67291,1.34782,1.34782,0,0
MEX,PB,D,20120918,000000,1.35582,1.47469,1.34782,1.47469,0,0
MEX,PB,D,20120919,000000,1.47469,1.47469,1.47469,1.47469,0,0
MEX,PB,D,20120920,000000,1.56975,1.56975,1.39535,1.45878,0,0
MEX,PB,D,20120921,000000,1.45878,1.45878,1.45878,1.45878,0,0
MEX,PB,D,20120924,000000,1.45878,1.45878,1.45878,1.45878,0,0
MEX,PB,D,20120925,000000,1.40335,1.40335,1.26056,1.40335,0,0
MEX,PB,D,20120926,000000,1.40335,1.40335,1.40335,1.40335,0,0
MEX,PB,D,20120927,000000,1.47469,1.47469,1.47469,1.47469,0,0
MEX,PB,D,20120928,000000,1.47469,1.47469,1.47469,1.47469,0,0
MEX,PB,D,20121001,000000,1.47469,1.47469,1.47469,1.47469,0,0
MEX,PB,D,20121002,000000,1.47469,1.47469,1.47469,1.47469,0,0
MEX,PB,D,20121003,000000,1.47469,1.47469,1.47469,1.47469,0,0
MEX,PB,D,20121004,000000,1.45878,1.47469,1.45878,1.45878,0,0
MEX,PB,D,20121005,000000,1.47469,1.47469,1.47469,1.47469,0,0
MEX,PB,D,20121008,000000,1.60957,1.60957,1.4985,1.4985,0,0
MEX,PB,D,20121009,000000,1.4905,1.4985,1.4905,1.4905,0,0
MEX,PB,D,20121010,000000,1.4905,1.4905,1.4905,1.4905,0,0
MEX,PB,D,20121011,000000,1.4905,1.4905,1.4905,1.4905,0,0
MEX,PB,D,20121012,000000,1.4905,1.4905,1.4905,1.4905,0,0
MEX,PB,D,20121015,000000,1.4905,1.4905,1.4905,1.4905,0,0
MEX,PB,D,20121016,000000,1.40335,1.4905,1.30819,1.40335,0,0
MEX,PB,D,20121017,000000,1.40335,1.40335,1.22885,1.26056,0,0
MEX,PB,D,20121018,000000,1.26056,1.26056,1.26056,1.26056,0,0
MEX,PB,D,20121019,000000,1.26056,1.26056,1.26056,1.26056,0,0
MEX,PB,D,20121022,000000,1.26056,1.26056,1.12578,1.12578,0,0
MEX,PB,D,20121023,000000,1.12578,1.13388,1.05444,1.12578,0,0
MEX,PB,D,20121024,000000,1.13388,1.24475,1.10207,1.10207,0,0
MEX,PB,D,20121025,000000,1.21303,1.22885,1.14169,1.22885,0,0
MEX,PB,D,20121026,000000,1.22885,1.22885,1.22885,1.22885,0,0
MEX,PB,D,20121029,000000,1.22885,1.22885,1.22885,1.22885,0,0
MEX,PB,D,20121030,000000,1.27638,1.27638,1.14969,1.27638,0,0
MEX,PB,D,20121031,000000,1.30819,1.30819,1.26847,1.27638,0,0
MEX,PB,D,20121102,000000,1.27638,1.27638,1.27638,1.27638,0,0
MEX,PB,D,20121105,000000,1.27638,1.27638,1.27638,1.27638,0,0
MEX,PB,D,20121106,000000,1.27638,1.27638,1.12578,1.12578,0,0
MEX,PB,D,20121107,000000,1.12578,1.12578,1.12578,1.12578,0,0
MEX,PB,D,20121108,000000,1.23675,1.23675,1.23675,1.23675,0,0
MEX,PB,D,20121109,000000,1.27638,1.27638,1.27638,1.27638,0,0
MEX,PB,D,20121112,000000,1.27638,1.27638,1.1655,1.27638,0,0
MEX,PB,D,20121113,000000,1.27638,1.27638,1.19722,1.27638,0,0
MEX,PB,D,20121115,000000,1.30019,1.30019,1.27638,1.30019,0,0
MEX,PB,D,20121116,000000,1.29238,1.29238,1.29238,1.29238,0,0
MEX,PB,D,20121119,000000,1.29238,1.29238,1.18922,1.29238,0,0
MEX,PB,D,20121120,000000,1.26056,1.29238,1.26056,1.26056,0,0
MEX,PB,D,20121121,000000,1.23675,1.30019,1.23675,1.30019,0,0
MEX,PB,D,20121122,000000,1.30019,1.30019,1.30019,1.30019,0,0
MEX,PB,D,20121123,000000,1.332,1.332,1.332,1.332,0,0
MEX,PB,D,20121126,000000,1.332,1.332,1.332,1.332,0,0
MEX,PB,D,20121127,000000,1.332,1.332,1.332,1.332,0,0
MEX,PB,D,20121128,000000,1.332,1.332,1.332,1.332,0,0
MEX,PB,D,20121129,000000,1.332,1.332,1.332,1.332,0,0
MEX,PB,D,20121130,000000,1.332,1.332,1.332,1.332,0,0
MEX,PB,D,20121203,000000,1.332,1.332,1.332,1.332,0,0
MEX,PB,D,20121204,000000,1.22885,1.22885,1.19722,1.19722,0,0
MEX,PB,D,20121205,000000,1.19722,1.19722,1.19722,1.19722,0,0
MEX,PB,D,20121206,000000,1.19722,1.19722,1.19722,1.19722,0,0
MEX,PB,D,20121207,000000,1.19722,1.19722,1.19722,1.19722,0,0
MEX,PB,D,20121210,000000,1.19722,1.19722,1.10997,1.10997,0,0
MEX,PB,D,20121211,000000,1.19722,1.19722,0.998907,1.00691,0,0
MEX,PB,D,20121212,000000,1.00691,1.00691,0.895941,0.895941,0,0
MEX,PB,D,20121213,000000,0.895941,0.895941,0.816498,0.840408,0,0
MEX,PB,D,20121214,000000,0.824501,0.824501,0.784876,0.784876,0,0
MEX,PB,D,20121217,000000,0.800687,0.800687,0.737346,0.737346,0,0
MEX,PB,D,20121218,000000,0.737346,0.737346,0.737346,0.737346,0,0
MEX,PB,D,20121219,000000,0.713629,0.737346,0.713629,0.713629,0,0
MEX,PB,D,20121220,000000,0.713629,0.713629,0.68191,0.68191,0,0
MEX,PB,D,20121221,000000,0.68191,0.68191,0.68191,0.68191,0,0
MEX,PB,D,20121228,000000,0.666002,0.697817,0.666002,0.697817,0,0
MEX,PB,D,20130102,000000,0.68191,0.713629,0.68191,0.697817,0,0
MEX,PB,D,20130103,000000,0.697817,0.697817,0.594562,0.594562,0,0
MEX,PB,D,20130104,000000,0.594562,0.594562,0.594562,0.594562,0,0
MEX,PB,D,20130107,000000,0.594562,0.594562,0.562843,0.562843,0,0
MEX,PB,D,20130108,000000,0.594562,0.594562,0.578751,0.578751,0,0
MEX,PB,D,20130109,000000,0.578751,0.594562,0.578751,0.594562,0,0
MEX,PB,D,20130110,000000,0.586656,0.586656,0.578751,0.578751,0,0
MEX,PB,D,20130111,000000,0.586656,0.586656,0.586656,0.586656,0,0
MEX,PB,D,20130114,000000,0.586656,0.586656,0.586656,0.586656,0,0
MEX,PB,D,20130115,000000,0.594562,0.594562,0.586656,0.586656,0,0
MEX,PB,D,20130116,000000,0.586656,0.586656,0.586656,0.586656,0,0
MEX,PB,D,20130117,000000,0.586656,0.586656,0.578751,0.578751,0,0
MEX,PB,D,20130118,000000,0.578751,0.578751,0.578751,0.578751,0,0
MEX,PB,D,20130121,000000,0.594562,0.594562,0.578751,0.594562,0,0
MEX,PB,D,20130122,000000,0.594562,0.594562,0.578751,0.594562,0,0
MEX,PB,D,20130123,000000,0.578751,0.586656,0.578751,0.586656,0,0
MEX,PB,D,20130124,000000,0.594562,0.594562,0.594562,0.594562,0,0
MEX,PB,D,20130125,000000,0.578751,0.578751,0.562843,0.570845,0,0
MEX,PB,D,20130128,000000,0.586656,0.586656,0.586656,0.586656,0,0
MEX,PB,D,20130129,000000,0.586656,0.586656,0.586656,0.586656,0,0
MEX,PB,D,20130130,000000,0.586656,0.586656,0.562843,0.586656,0,0
MEX,PB,D,20130131,000000,0.586656,0.586656,0.531221,0.578751,0,0
MEX,PB,D,20130201,000000,0.531221,0.578751,0.499405,0.547032,0,0
MEX,PB,D,20130204,000000,0.578751,0.578751,0.539223,0.539223,0,0
MEX,PB,D,20130205,000000,0.523218,0.523218,0.475688,0.491596,0,0
MEX,PB,D,20130206,000000,0.499405,0.507407,0.444017,0.444017,0,0
MEX,PB,D,20130207,000000,0.436064,0.444017,0.372635,0.388495,0,0
MEX,PB,D,20130208,000000,0.388495,0.388495,0.364701,0.364701,0,0
MEX,PB,D,20130211,000000,0.388495,0.388495,0.364701,0.38056,0,0
MEX,PB,D,20130212,000000,0.38056,0.38056,0.340926,0.340926,0,0
MEX,PB,D,20130213,000000,0.340926,0.340926,0.309197,0.325057,0,0
MEX,PB,D,20130214,000000,0.309197,0.309197,0.269563,0.309197,0,0
MEX,PB,D,20130215,000000,0.277488,0.293338,0.261629,0.269563,0,0
MEX,PB,D,20130218,000000,0.269563,0.269563,0.253713,0.253713,0,0
MEX,PB,D,20130219,000000,0.261629,0.269563,0.253713,0.269563,0,0
MEX,PB,D,20130220,000000,0.277488,0.332991,0.277488,0.332991,0,0
MEX,PB,D,20130221,000000,0.388495,0.428139,0.388495,0.428139,0,0
MEX,PB,D,20130222,000000,0.539223,0.539223,0.539223,0.539223,0,0
MEX,PB,D,20130225,000000,0.562843,0.562843,0.436064,0.436064,0,0
MEX,PB,D,20130226,000000,0.404354,0.444017,0.372635,0.444017,0,0
MEX,PB,D,20130227,000000,0.467773,0.475688,0.41227,0.475688,0,0
MEX,PB,D,20130228,000000,0.475688,0.507407,0.444017,0.444017,0,0
MEX,PB,D,20130301,000000,0.475688,0.475688,0.388495,0.420214,0,0
MEX,PB,D,20130304,000000,0.41227,0.428139,0.372635,0.372635,0,0
MEX,PB,D,20130305,000000,0.372635,0.372635,0.340926,0.348841,0,0
MEX,PB,D,20130306,000000,0.348841,0.348841,0.317132,0.332991,0,0
MEX,PB,D,20130307,000000,0.348841,0.41227,0.332991,0.41227,0,0
MEX,PB,D,20130308,000000,0.459867,0.507407,0.41227,0.491596,0,0
MEX,PB,D,20130311,000000,0.451885,0.467773,0.428139,0.459867,0,0
MEX,PB,D,20130312,000000,0.491596,0.491596,0.41227,0.459867,0,0
MEX,PB,D,20130313,000000,0.491596,0.491596,0.444017,0.451885,0,0
MEX,PB,D,20130314,000000,0.451885,0.483594,0.451885,0.451885,0,0
MEX,PB,D,20130315,000000,0.491596,0.491596,0.444017,0.467773,0,0
MEX,PB,D,20130318,000000,0.467773,0.467773,0.39641,0.444017,0,0
MEX,PB,D,20130319,000000,0.444017,0.444017,0.420214,0.444017,0,0
MEX,PB,D,20130320,000000,0.444017,0.475688,0.444017,0.451885,0,0
MEX,PB,D,20130321,000000,0.451885,0.451885,0.436064,0.436064,0,0
MEX,PB,D,20130322,000000,0.444017,0.459867,0.428139,0.444017,0,0
MEX,PB,D,20130325,000000,0.467773,0.467773,0.444017,0.444017,0,0
MEX,PB,D,20130326,000000,0.428139,0.428139,0.39641,0.420214,0,0
MEX,PB,D,20130327,000000,0.420214,0.420214,0.420214,0.420214,0,0
MEX,PB,D,20130328,000000,0.388495,0.666002,0.348841,0.666002,0,0
MEX,PB,D,20130402,000000,0.72944,0.72944,0.666002,0.72944,0,0
MEX,PB,D,20130403,000000,0.673908,0.697817,0.673908,0.697817,0,0
MEX,PB,D,20130404,000000,0.697817,0.697817,0.697817,0.697817,0,0
MEX,PB,D,20130405,000000,0.697817,0.697817,0.697817,0.697817,0,0
MEX,PB,D,20130408,000000,0.697817,0.697817,0.642189,0.697817,0,0
MEX,PB,D,20130409,000000,0.697817,0.697817,0.697817,0.697817,0,0
MEX,PB,D,20130410,000000,0.68191,0.697817,0.68191,0.68191,0,0
MEX,PB,D,20130411,000000,0.673908,0.673908,0.618472,0.618472,0,0
MEX,PB,D,20130412,000000,0.618472,0.618472,0.618472,0.618472,0,0
MEX,PB,D,20130415,000000,0.61047,0.61047,0.61047,0.61047,0,0
MEX,PB,D,20130417,000000,0.642189,0.642189,0.642189,0.642189,0,0
MEX,PB,D,20130418,000000,0.642189,0.642189,0.642189,0.642189,0,0
MEX,PB,D,20130419,000000,0.642189,0.642189,0.642189,0.642189,0,0
MEX,PB,D,20130422,000000,0.642189,0.642189,0.507407,0.515313,0,0
MEX,PB,D,20130423,000000,0.539223,0.539223,0.539223,0.539223,0,0
MEX,PB,D,20130424,000000,0.555034,0.578751,0.539223,0.539223,0,0
MEX,PB,D,20130425,000000,0.562843,0.562843,0.562843,0.562843,0,0
MEX,PB,D,20130426,000000,0.562843,0.562843,0.562843,0.562843,0,0
MEX,PB,D,20130429,000000,0.562843,0.562843,0.562843,0.562843,0,0
MEX,PB,D,20130430,000000,0.562843,0.570845,0.562843,0.562843,0,0
MEX,PB,D,20130502,000000,0.570845,0.618472,0.570845,0.618472,0,0
MEX,PB,D,20130506,000000,0.618472,0.642189,0.618472,0.642189,0,0
MEX,PB,D,20130507,000000,0.642189,0.642189,0.642189,0.642189,0,0
MEX,PB,D,20130508,000000,0.642189,0.642189,0.642189,0.642189,0,0
MEX,PB,D,20130509,000000,0.642189,0.642189,0.642189,0.642189,0,0
MEX,PB,D,20130510,000000,0.642189,0.642189,0.634283,0.634283,0,0
MEX,PB,D,20130513,000000,0.642189,0.642189,0.642189,0.642189,0,0
MEX,PB,D,20130514,000000,0.642189,0.642189,0.642189,0.642189,0,0
MEX,PB,D,20130515,000000,0.618472,0.618472,0.602564,0.618472,0,0
MEX,PB,D,20130516,000000,0.642189,0.673908,0.634283,0.673908,0,0
MEX,PB,D,20130517,000000,0.713629,0.713629,0.673908,0.697817,0,0
MEX,PB,D,20130520,000000,0.689815,0.697817,0.68191,0.68191,0,0
MEX,PB,D,20130521,000000,0.689815,0.689815,0.666002,0.689815,0,0
MEX,PB,D,20130522,000000,0.68191,0.68191,0.626377,0.68191,0,0
MEX,PB,D,20130523,000000,0.658,0.658,0.650191,0.658,0,0
MEX,PB,D,20130524,000000,0.68191,0.68191,0.650191,0.658,0,0
MEX,PB,D,20130527,000000,0.658,0.658,0.650191,0.650191,0,0
MEX,PB,D,20130528,000000,0.642189,0.642189,0.642189,0.642189,0,0
MEX,PB,D,20130529,000000,0.650191,0.650191,0.650191,0.650191,0,0
MEX,PB,D,20130531,000000,0.650191,0.650191,0.650191,0.650191,0,0
MEX,PB,D,20130603,000000,0.68191,0.68191,0.666002,0.666002,0,0
MEX,PB,D,20130604,000000,0.650191,0.666002,0.650191,0.650191,0,0
MEX,PB,D,20130605,000000,0.68191,0.68191,0.650191,0.68191,0,0
MEX,PB,D,20130606,000000,0.650191,0.68191,0.618472,0.642189,0,0
MEX,PB,D,20130607,000000,0.658,0.673908,0.658,0.673908,0,0
MEX,PB,D,20130610,000000,0.68191,0.68191,0.68191,0.68191,0,0
MEX,PB,D,20130611,000000,0.68191,0.68191,0.68191,0.68191,0,0
MEX,PB,D,20130612,000000,0.673908,0.673908,0.673908,0.673908,0,0
MEX,PB,D,20130613,000000,0.673908,0.673908,0.673908,0.673908,0,0
MEX,PB,D,20130614,000000,0.673908,0.673908,0.673908,0.673908,0,0
MEX,PB,D,20130617,000000,0.673908,0.673908,0.673908,0.673908,0,0
MEX,PB,D,20130618,000000,0.68191,0.68191,0.68191,0.68191,0,0
MEX,PB,D,20130619,000000,0.68191,0.68191,0.68191,0.68191,0,0
MEX,PB,D,20130620,000000,0.68191,0.68191,0.68191,0.68191,0,0
MEX,PB,D,20130621,000000,0.673908,0.68191,0.673908,0.68191,0,0
MEX,PB,D,20130624,000000,0.68191,0.68191,0.68191,0.68191,0,0
MEX,PB,D,20130625,000000,0.68191,0.68191,0.68191,0.68191,0,0
MEX,PB,D,20130626,000000,0.673908,0.673908,0.618472,0.673908,0,0
MEX,PB,D,20130627,000000,0.68191,0.68191,0.562843,0.673908,0,0
MEX,PB,D,20130628,000000,0.68191,0.753157,0.68191,0.753157,0,0
MEX,PB,D,20130702,000000,0.753157,0.753157,0.753157,0.753157,0,0
MEX,PB,D,20130704,000000,0.713629,0.713629,0.713629,0.713629,0,0
MEX,PB,D,20130705,000000,0.713629,0.713629,0.713629,0.713629,0,0
MEX,PB,D,20130708,000000,0.713629,0.713629,0.713629,0.713629,0,0
MEX,PB,D,20130709,000000,0.713629,0.713629,0.689815,0.689815,0,0
MEX,PB,D,20130711,000000,0.689815,0.689815,0.689815,0.689815,0,0
MEX,PB,D,20130712,000000,0.626377,0.634283,0.626377,0.634283,0,0
MEX,PB,D,20130715,000000,0.634283,0.634283,0.634283,0.634283,0,0
MEX,PB,D,20130716,000000,0.618472,0.634283,0.570845,0.634283,0,0
MEX,PB,D,20130717,000000,0.634283,0.634283,0.634283,0.634283,0,0
MEX,PB,D,20130718,000000,0.618472,0.634283,0.618472,0.634283,0,0
MEX,PB,D,20130719,000000,0.634283,0.634283,0.634283,0.634283,0,0
MEX,PB,D,20130722,000000,0.634283,0.634283,0.634283,0.634283,0,0
MEX,PB,D,20130723,000000,0.634283,0.68191,0.634283,0.68191,0,0
MEX,PB,D,20130724,000000,0.689815,0.792782,0.689815,0.792782,0,0
MEX,PB,D,20130725,000000,0.872127,0.872127,0.792782,0.832503,0,0
MEX,PB,D,20130726,000000,0.832503,0.832503,0.77697,0.832503,0,0
MEX,PB,D,20130729,000000,0.832503,0.832503,0.769065,0.792782,0,0
MEX,PB,D,20130730,000000,0.792782,0.792782,0.737346,0.792782,0,0
MEX,PB,D,20130731,000000,0.792782,0.792782,0.792782,0.792782,0,0
MEX,PB,D,20130801,000000,0.792782,0.792782,0.792782,0.792782,0,0
MEX,PB,D,20130802,000000,0.792782,0.792782,0.792782,0.792782,0,0
MEX,PB,D,20130805,000000,0.792782,0.792782,0.792782,0.792782,0,0
MEX,PB,D,20130806,000000,0.792782,0.792782,0.737346,0.737346,0,0
MEX,PB,D,20130807,000000,0.792782,0.792782,0.792782,0.792782,0,0
MEX,PB,D,20130808,000000,0.784876,0.784876,0.784876,0.784876,0,0
MEX,PB,D,20130809,000000,0.792782,0.792782,0.784876,0.792782,0,0
MEX,PB,D,20130812,000000,0.792782,0.792782,0.792782,0.792782,0,0
MEX,PB,D,20130813,000000,0.784876,0.784876,0.784876,0.784876,0,0
MEX,PB,D,20130814,000000,0.784876,0.784876,0.784876,0.784876,0,0
MEX,PB,D,20130816,000000,0.792782,0.792782,0.784876,0.792782,0,0
MEX,PB,D,20130819,000000,0.792782,0.792782,0.792782,0.792782,0,0
MEX,PB,D,20130820,000000,0.848314,0.848314,0.848314,0.848314,0,0
MEX,PB,D,20130821,000000,0.848314,0.848314,0.848314,0.848314,0,0
MEX,PB,D,20130822,000000,0.848314,0.848314,0.848314,0.848314,0,0
MEX,PB,D,20130823,000000,0.872127,0.872127,0.872127,0.872127,0,0
MEX,PB,D,20130826,000000,0.872127,0.872127,0.872127,0.872127,0,0
MEX,PB,D,20130827,000000,0.872127,0.872127,0.872127,0.872127,0,0
MEX,PB,D,20130828,000000,0.903846,0.903846,0.872127,0.903846,0,0
MEX,PB,D,20130829,000000,0.887938,0.887938,0.887938,0.887938,0,0
MEX,PB,D,20130830,000000,0.887938,0.887938,0.840408,0.887938,0,0
MEX,PB,D,20130902,000000,0.880129,0.880129,0.816498,0.816498,0,0
MEX,PB,D,20130903,000000,0.808689,0.808689,0.784876,0.784876,0,0
MEX,PB,D,20130905,000000,0.721534,0.721534,0.721534,0.721534,0,0
MEX,PB,D,20130906,000000,0.721534,0.721534,0.721534,0.721534,0,0
MEX,PB,D,20130911,000000,0.713629,0.713629,0.713629,0.713629,0,0
MEX,PB,D,20130912,000000,0.689815,0.713629,0.689815,0.689815,0,0
MEX,PB,D,20130913,000000,0.689815,0.689815,0.689815,0.689815,0,0
MEX,PB,D,20130916,000000,0.689815,0.689815,0.689815,0.689815,0,0
MEX,PB,D,20130917,000000,0.658,0.689815,0.658,0.658,0,0
MEX,PB,D,20130918,000000,0.642189,0.642189,0.602564,0.61047,0,0
MEX,PB,D,20130919,000000,0.61047,0.61047,0.61047,0.61047,0,0
MEX,PB,D,20130920,000000,0.61047,0.61047,0.586656,0.586656,0,0
MEX,PB,D,20130923,000000,0.61047,0.61047,0.586656,0.586656,0,0
MEX,PB,D,20130924,000000,0.61047,0.61047,0.594562,0.594562,0,0
MEX,PB,D,20130925,000000,0.61047,0.61047,0.61047,0.61047,0,0
MEX,PB,D,20130926,000000,0.61047,0.61047,0.61047,0.61047,0,0
MEX,PB,D,20130927,000000,0.61047,0.61047,0.539223,0.539223,0,0
MEX,PB,D,20130930,000000,0.539223,0.562843,0.539223,0.562843,0,0
MEX,PB,D,20131001,000000,0.61047,0.634283,0.578751,0.578751,0,0
MEX,PB,D,20131002,000000,0.578751,0.578751,0.578751,0.578751,0,0
MEX,PB,D,20131003,000000,0.578751,0.634283,0.578751,0.634283,0,0
MEX,PB,D,20131004,000000,0.666002,0.666002,0.666002,0.666002,0,0
MEX,PB,D,20131007,000000,0.666002,0.666002,0.61047,0.666002,0,0
MEX,PB,D,20131008,000000,0.666002,0.666002,0.666002,0.666002,0,0
MEX,PB,D,20131009,000000,0.666002,0.666002,0.61047,0.61047,0,0
MEX,PB,D,20131010,000000,0.666002,0.721534,0.642189,0.721534,0,0
MEX,PB,D,20131011,000000,0.721534,0.721534,0.68191,0.68191,0,0
MEX,PB,D,20131014,000000,0.68191,0.68191,0.658,0.68191,0,0
MEX,PB,D,20131015,000000,0.68191,0.689815,0.68191,0.68191,0,0
MEX,PB,D,20131016,000000,0.68191,0.68191,0.68191,0.68191,0,0
MEX,PB,D,20131017,000000,0.68191,0.68191,0.68191,0.68191,0,0
MEX,PB,D,20131018,000000,0.68191,0.68191,0.68191,0.68191,0,0
MEX,PB,D,20131021,000000,0.68191,0.68191,0.68191,0.68191,0,0
MEX,PB,D,20131022,000000,0.721534,0.721534,0.721534,0.721534,0,0
MEX,PB,D,20131023,000000,0.721534,0.721534,0.721534,0.721534,0,0
MEX,PB,D,20131024,000000,0.721534,0.737346,0.666002,0.737346,0,0
MEX,PB,D,20131025,000000,0.737346,0.737346,0.737346,0.737346,0,0
MEX,PB,D,20131028,000000,0.77697,0.77697,0.77697,0.77697,0,0
MEX,PB,D,20131029,000000,0.77697,0.77697,0.721534,0.721534,0,0
MEX,PB,D,20131030,000000,0.77697,0.77697,0.697817,0.697817,0,0
MEX,PB,D,20131031,000000,0.697817,0.697817,0.697817,0.697817,0,0
MEX,PB,D,20131104,000000,0.697817,0.697817,0.673908,0.697817,0,0
MEX,PB,D,20131105,000000,0.697817,0.697817,0.697817,0.697817,0,0
MEX,PB,D,20131106,000000,0.721534,0.721534,0.721534,0.721534,0,0
MEX,PB,D,20131107,000000,0.721534,0.721534,0.721534,0.721534,0,0
MEX,PB,D,20131108,000000,0.721534,0.721534,0.721534,0.721534,0,0
MEX,PB,D,20131112,000000,0.77697,0.77697,0.745348,0.745348,0,0
MEX,PB,D,20131113,000000,0.745348,0.745348,0.745348,0.745348,0,0
MEX,PB,D,20131114,000000,0.745348,0.745348,0.745348,0.745348,0,0
MEX,PB,D,20131115,000000,0.737346,0.737346,0.737346,0.737346,0,0
MEX,PB,D,20131118,000000,0.737346,0.737346,0.689815,0.689815,0,0
MEX,PB,D,20131119,000000,0.689815,0.689815,0.689815,0.689815,0,0
MEX,PB,D,20131120,000000,0.689815,0.689815,0.689815,0.689815,0,0
MEX,PB,D,20131121,000000,0.689815,0.689815,0.689815,0.689815,0,0
MEX,PB,D,20131122,000000,0.689815,0.689815,0.689815,0.689815,0,0
MEX,PB,D,20131125,000000,0.689815,0.689815,0.689815,0.689815,0,0
MEX,PB,D,20131126,000000,0.689815,0.697817,0.689815,0.697817,0,0
MEX,PB,D,20131127,000000,0.705627,0.705627,0.705627,0.705627,0,0
MEX,PB,D,20131128,000000,0.705627,0.705627,0.689815,0.689815,0,0
MEX,PB,D,20131129,000000,0.721534,0.721534,0.689815,0.689815,0,0
MEX,PB,D,20131202,000000,0.689815,0.689815,0.689815,0.689815,0,0
MEX,PB,D,20131203,000000,0.689815,0.689815,0.689815,0.689815,0,0
MEX,PB,D,20131204,000000,0.689815,0.689815,0.689815,0.689815,0,0
MEX,PB,D,20131205,000000,0.689815,0.689815,0.689815,0.689815,0,0
MEX,PB,D,20131206,000000,0.689815,0.689815,0.689815,0.689815,0,0
MEX,PB,D,20131209,000000,0.689815,0.689815,0.689815,0.689815,0,0
MEX,PB,D,20131210,000000,0.689815,0.721534,0.689815,0.721534,0,0
MEX,PB,D,20131211,000000,0.721534,0.721534,0.721534,0.721534,0,0
MEX,PB,D,20131212,000000,0.721534,0.721534,0.721534,0.721534,0,0
MEX,PB,D,20131213,000000,0.721534,0.721534,0.721534,0.721534,0,0
MEX,PB,D,20131216,000000,0.721534,0.721534,0.721534,0.721534,0,0
MEX,PB,D,20131217,000000,0.713629,0.721534,0.658,0.666002,0,0
MEX,PB,D,20131218,000000,0.666002,0.666002,0.658,0.658,0,0
MEX,PB,D,20131219,000000,0.68191,0.68191,0.658,0.68191,0,0
MEX,PB,D,20131220,000000,0.68191,0.68191,0.658,0.68191,0,0
MEX,PB,D,20131223,000000,0.673908,0.68191,0.673908,0.673908,0,0
MEX,PB,D,20131227,000000,0.705627,0.705627,0.689815,0.705627,0,0
MEX,PB,D,20131230,000000,0.689815,0.689815,0.658,0.658,0,0
MEX,PB,D,20140102,000000,0.658,0.658,0.658,0.658,0,0
MEX,PB,D,20140103,000000,0.753157,0.792782,0.745348,0.769065,0,0
MEX,PB,D,20140107,000000,0.784876,0.784876,0.753157,0.753157,0,0
MEX,PB,D,20140108,000000,0.77697,0.77697,0.77697,0.77697,0,0
MEX,PB,D,20140109,000000,0.77697,0.77697,0.77697,0.77697,0,0
MEX,PB,D,20140110,000000,0.77697,0.77697,0.77697,0.77697,0,0
MEX,PB,D,20140113,000000,0.77697,0.848314,0.77697,0.800687,0,0
MEX,PB,D,20140114,000000,0.840408,0.903846,0.840408,0.903846,0,0
MEX,PB,D,20140115,000000,0.903846,0.951376,0.848314,0.951376,0,0
MEX,PB,D,20140116,000000,0.951376,0.951376,0.943471,0.943471,0,0
MEX,PB,D,20140117,000000,0.943471,0.951376,0.943471,0.943471,0,0
MEX,PB,D,20140120,000000,0.951376,0.951376,0.951376,0.951376,0,0
MEX,PB,D,20140121,000000,0.951376,0.951376,0.880129,0.919657,0,0
MEX,PB,D,20140122,000000,0.880129,0.919657,0.880129,0.887938,0,0
MEX,PB,D,20140123,000000,0.887938,0.943471,0.887938,0.903846,0,0
MEX,PB,D,20140124,000000,0.927659,0.927659,0.880129,0.880129,0,0
MEX,PB,D,20140127,000000,0.880129,0.880129,0.864222,0.880129,0,0
MEX,PB,D,20140128,000000,0.880129,0.903846,0.880129,0.903846,0,0
MEX,PB,D,20140129,000000,0.903846,0.903846,0.903846,0.903846,0,0
MEX,PB,D,20140130,000000,0.895941,0.903846,0.856316,0.864222,0,0
MEX,PB,D,20140131,000000,0.864222,0.864222,0.864222,0.864222,0,0
MEX,PB,D,20140203,000000,0.864222,0.864222,0.864222,0.864222,0,0
MEX,PB,D,20140204,000000,0.887938,0.943471,0.887938,0.943471,0,0
MEX,PB,D,20140205,000000,0.943471,0.951376,0.927659,0.951376,0,0
MEX,PB,D,20140206,000000,0.943471,0.959282,0.911752,0.911752,0,0
MEX,PB,D,20140207,000000,0.959282,1.05444,0.959282,1.05444,0,0
MEX,PB,D,20140210,000000,1.05444,1.27638,1.05444,1.27638,0,0
MEX,PB,D,20140211,000000,1.332,1.37953,1.25256,1.332,0,0
MEX,PB,D,20140212,000000,1.37953,1.37953,1.27638,1.27638,0,0
MEX,PB,D,20140213,000000,1.28438,1.29238,1.27638,1.29238,0,0
MEX,PB,D,20140214,000000,1.29238,1.36372,1.29238,1.36372,0,0
MEX,PB,D,20140217,000000,1.36372,1.43507,1.30819,1.42706,0,0
MEX,PB,D,20140218,000000,1.41916,1.42706,1.332,1.332,0,0
MEX,PB,D,20140219,000000,1.41125,1.42706,1.41125,1.42706,0,0
MEX,PB,D,20140220,000000,1.41125,1.41125,1.332,1.37953,0,0
MEX,PB,D,20140221,000000,1.41125,1.41125,1.332,1.37163,0,0
MEX,PB,D,20140224,000000,1.41125,1.41125,1.39535,1.39535,0,0
MEX,PB,D,20140225,000000,1.41125,1.41125,1.41125,1.41125,0,0
MEX,PB,D,20140226,000000,1.41125,1.41125,1.41125,1.41125,0,0
MEX,PB,D,20140227,000000,1.41125,1.41125,1.332,1.39535,0,0
MEX,PB,D,20140228,000000,1.40335,1.40335,1.40335,1.40335,0,0
MEX,PB,D,20140303,000000,1.35582,1.35582,1.29238,1.29238,0,0
MEX,PB,D,20140304,000000,1.30819,1.30819,1.26847,1.28438,0,0
MEX,PB,D,20140305,000000,1.30819,1.40335,1.29238,1.40335,0,0
MEX,PB,D,20140306,000000,1.41125,1.45878,1.41125,1.43507,0,0
MEX,PB,D,20140307,000000,1.45878,1.4905,1.45878,1.4905,0,0
MEX,PB,D,20140310,000000,1.4905,1.4905,1.4905,1.4905,0,0
MEX,PB,D,20140311,000000,1.44297,1.44297,1.38754,1.41125,0,0
MEX,PB,D,20140312,000000,1.43507,1.4905,1.43507,1.4905,0,0
MEX,PB,D,20140313,000000,1.45878,1.45878,1.3161,1.33991,0,0
MEX,PB,D,20140314,000000,1.33991,1.33991,1.30819,1.30819,0,0
MEX,PB,D,20140317,000000,1.35582,1.35582,1.35582,1.35582,0,0
MEX,PB,D,20140318,000000,1.35582,1.45878,1.35582,1.45878,0,0
MEX,PB,D,20140319,000000,1.45878,1.45878,1.45878,1.45878,0,0
MEX,PB,D,20140320,000000,1.45878,1.45878,1.332,1.45878,0,0
MEX,PB,D,20140321,000000,1.43507,1.43507,1.43507,1.43507,0,0
MEX,PB,D,20140324,000000,1.43507,1.43507,1.37953,1.43507,0,0
MEX,PB,D,20140325,000000,1.332,1.43507,1.332,1.43507,0,0
MEX,PB,D,20140326,000000,1.43507,1.43507,1.36372,1.36372,0,0
MEX,PB,D,20140327,000000,1.36372,1.38754,1.332,1.332,0,0
MEX,PB,D,20140328,000000,1.38754,1.38754,1.38754,1.38754,0,0
MEX,PB,D,20140331,000000,1.37953,1.42706,1.37953,1.41125,0,0
MEX,PB,D,20140401,000000,1.46679,1.46679,1.43507,1.43507,0,0
MEX,PB,D,20140402,000000,1.43507,1.46679,1.43507,1.46679,0,0
MEX,PB,D,20140403,000000,1.46679,1.46679,1.44297,1.44297,0,0
MEX,PB,D,20140404,000000,1.44297,1.4985,1.44297,1.45878,0,0
MEX,PB,D,20140407,000000,1.46679,1.4826,1.46679,1.4826,0,0
MEX,PB,D,20140408,000000,1.4826,1.4826,1.41916,1.44297,0,0
MEX,PB,D,20140409,000000,1.44297,1.44297,1.44297,1.44297,0,0
MEX,PB,D,20140410,000000,1.45097,1.46679,1.45097,1.46679,0,0
MEX,PB,D,20140411,000000,1.46679,1.4826,1.46679,1.46679,0,0
MEX,PB,D,20140414,000000,1.4826,1.4826,1.41916,1.47469,0,0
MEX,PB,D,20140415,000000,1.4826,1.4826,1.4826,1.4826,0,0
MEX,PB,D,20140416,000000,1.47469,1.47469,1.41916,1.47469,0,0
MEX,PB,D,20140417,000000,1.47469,1.47469,1.46679,1.46679,0,0
MEX,PB,D,20140422,000000,1.47469,1.47469,1.47469,1.47469,0,0
MEX,PB,D,20140423,000000,1.46679,1.46679,1.41125,1.41916,0,0
MEX,PB,D,20140424,000000,1.46679,1.46679,1.35582,1.38754,0,0
MEX,PB,D,20140425,000000,1.324,1.38754,1.324,1.38754,0,0
MEX,PB,D,20140428,000000,1.41916,1.41916,1.41916,1.41916,0,0
MEX,PB,D,20140429,000000,1.37163,1.37163,1.37163,1.37163,0,0
MEX,PB,D,20140430,000000,1.37163,1.41916,1.37163,1.41916,0,0
MEX,PB,D,20140502,000000,1.40335,1.41916,1.40335,1.40335,0,0
MEX,PB,D,20140505,000000,1.324,1.324,1.324,1.324,0,0
MEX,PB,D,20140506,000000,1.37163,1.37163,1.3161,1.3161,0,0
MEX,PB,D,20140507,000000,1.36372,1.36372,1.3161,1.3161,0,0
MEX,PB,D,20140508,000000,1.3161,1.3161,1.3161,1.3161,0,0
MEX,PB,D,20140512,000000,1.332,1.332,1.332,1.332,0,0
MEX,PB,D,20140513,000000,1.324,1.324,1.324,1.324,0,0
MEX,PB,D,20140514,000000,1.3161,1.3161,1.3161,1.3161,0,0
MEX,PB,D,20140515,000000,1.3161,1.3161,1.3161,1.3161,0,0
MEX,PB,D,20140516,000000,1.3161,1.3161,1.3161,1.3161,0,0
MEX,PB,D,20140519,000000,1.30819,1.30819,1.30819,1.30819,0,0
MEX,PB,D,20140522,000000,1.25256,1.25256,1.25256,1.25256,0,0
MEX,PB,D,20140523,000000,1.07816,1.12578,1.07816,1.12578,0,0
MEX,PB,D,20140526,000000,1.23675,1.23675,1.14969,1.14969,0,0
MEX,PB,D,20140527,000000,1.12578,1.14969,1.12578,1.12578,0,0
MEX,PB,D,20140528,000000,1.1655,1.22885,1.1655,1.22885,0,0
MEX,PB,D,20140530,000000,1.23675,1.25256,1.23675,1.25256,0,0
MEX,PB,D,20140602,000000,1.25256,1.25256,1.20513,1.20513,0,0
MEX,PB,D,20140603,000000,1.20513,1.20513,1.20513,1.20513,0,0
MEX,PB,D,20140604,000000,1.20513,1.20513,1.20513,1.20513,0,0
MEX,PB,D,20140605,000000,1.20513,1.20513,1.20513,1.20513,0,0
MEX,PB,D,20140606,000000,1.20513,1.20513,1.20513,1.20513,0,0
MEX,PB,D,20140609,000000,1.20513,1.20513,1.20513,1.20513,0,0
MEX,PB,D,20140610,000000,1.28438,1.28438,1.28438,1.28438,0,0
MEX,PB,D,20140611,000000,1.28438,1.28438,1.28438,1.28438,0,0
MEX,PB,D,20140612,000000,1.22885,1.22885,1.22885,1.22885,0,0
MEX,PB,D,20140613,000000,1.28438,1.28438,1.28438,1.28438,0,0
MEX,PB,D,20140616,000000,1.20513,1.22885,1.09406,1.22885,0,0
MEX,PB,D,20140617,000000,1.22885,1.22885,0.97519,0.97519,0,0
MEX,PB,D,20140618,000000,0.97519,1.03063,0.911752,1.03063,0,0
MEX,PB,D,20140620,000000,1.03063,1.03063,0.959282,1.02272,0,0
MEX,PB,D,20140623,000000,1.02272,1.02272,0.903846,1.02272,0,0
MEX,PB,D,20140624,000000,0.903846,0.935469,0.895941,0.935469,0,0
MEX,PB,D,20140625,000000,0.935469,0.983095,0.903846,0.935469,0,0
MEX,PB,D,20140626,000000,0.983095,0.983095,0.935469,0.951376,0,0
MEX,PB,D,20140627,000000,0.983095,0.983095,0.983095,0.983095,0,0
MEX,PB,D,20140630,000000,0.983095,1.02272,0.983095,1.02272,0,0
MEX,PB,D,20140701,000000,1.04644,1.04644,1.04644,1.04644,0,0
MEX,PB,D,20140702,000000,1.07816,1.07816,1.02272,1.02272,0,0
MEX,PB,D,20140703,000000,1.07816,1.07816,1.02272,1.07816,0,0
MEX,PB,D,20140704,000000,1.07816,1.07816,1.03063,1.03063,0,0
MEX,PB,D,20140707,000000,1.07816,1.07816,1.07816,1.07816,0,0
MEX,PB,D,20140708,000000,1.07816,1.07816,1.07816,1.07816,0,0
MEX,PB,D,20140709,000000,1.02272,1.02272,1.02272,1.02272,0,0
MEX,PB,D,20140710,000000,1.08616,1.08616,1.08616,1.08616,0,0
MEX,PB,D,20140711,000000,0.983095,0.983095,0.983095,0.983095,0,0
MEX,PB,D,20140714,000000,0.991097,1.03863,0.895941,0.943471,0,0
MEX,PB,D,20140715,000000,0.903846,0.97519,0.887938,0.97519,0,0
MEX,PB,D,20140716,000000,1.02272,1.02272,0.887938,0.887938,0,0
MEX,PB,D,20140717,000000,0.919657,0.919657,0.887938,0.887938,0,0
MEX,PB,D,20140718,000000,0.935469,0.935469,0.864222,0.864222,0,0
MEX,PB,D,20140721,000000,0.864222,0.864222,0.824501,0.864222,0,0
MEX,PB,D,20140722,000000,0.887938,0.887938,0.840408,0.840408,0,0
MEX,PB,D,20140723,000000,0.840408,0.840408,0.761159,0.761159,0,0
MEX,PB,D,20140724,000000,0.761159,0.761159,0.761159,0.761159,0,0
MEX,PB,D,20140725,000000,0.761159,0.769065,0.761159,0.761159,0,0
MEX,PB,D,20140728,000000,0.769065,0.769065,0.769065,0.769065,0,0
MEX,PB,D,20140729,000000,0.77697,0.77697,0.761159,0.761159,0,0
MEX,PB,D,20140730,000000,0.761159,0.77697,0.721534,0.721534,0,0
MEX,PB,D,20140731,000000,0.737346,0.77697,0.721534,0.761159,0,0
MEX,PB,D,20140801,000000,0.761159,0.761159,0.761159,0.761159,0,0
MEX,PB,D,20140804,000000,0.769065,0.792782,0.769065,0.792782,0,0
MEX,PB,D,20140806,000000,0.784876,0.784876,0.784876,0.784876,0,0
MEX,PB,D,20140807,000000,0.77697,0.77697,0.713629,0.745348,0,0
MEX,PB,D,20140808,000000,0.745348,0.753157,0.697817,0.697817,0,0
MEX,PB,D,20140811,000000,0.713629,0.713629,0.713629,0.713629,0,0
MEX,PB,D,20140812,000000,0.713629,0.713629,0.713629,0.713629,0,0
MEX,PB,D,20140813,000000,0.753157,0.753157,0.753157,0.753157,0,0
MEX,PB,D,20140814,000000,0.745348,0.745348,0.745348,0.745348,0,0
MEX,PB,D,20140818,000000,0.745348,0.753157,0.745348,0.753157,0,0
MEX,PB,D,20140819,000000,0.753157,0.753157,0.753157,0.753157,0,0
MEX,PB,D,20140820,000000,0.753157,0.761159,0.753157,0.761159,0,0
MEX,PB,D,20140821,000000,0.761159,0.792782,0.761159,0.792782,0,0
MEX,PB,D,20140822,000000,0.792782,0.816498,0.792782,0.816498,0,0
MEX,PB,D,20140825,000000,0.816498,0.832503,0.816498,0.832503,0,0
MEX,PB,D,20140826,000000,0.864222,0.864222,0.864222,0.864222,0,0
MEX,PB,D,20140827,000000,0.864222,0.864222,0.848314,0.856316,0,0
MEX,PB,D,20140828,000000,0.895941,0.895941,0.856316,0.856316,0,0
MEX,PB,D,20140829,000000,0.880129,0.895941,0.816498,0.840408,0,0
MEX,PB,D,20140901,000000,0.832503,0.832503,0.832503,0.832503,0,0
MEX,PB,D,20140902,000000,0.840408,0.856316,0.816498,0.816498,0,0
MEX,PB,D,20140903,000000,0.808689,0.808689,0.808689,0.808689,0,0
MEX,PB,D,20140904,000000,0.808689,0.808689,0.808689,0.808689,0,0
MEX,PB,D,20140905,000000,0.808689,0.808689,0.808689,0.808689,0,0
MEX,PB,D,20140910,000000,0.800687,0.800687,0.800687,0.800687,0,0
MEX,PB,D,20140911,000000,0.808689,0.808689,0.808689,0.808689,0,0
MEX,PB,D,20140912,000000,0.808689,0.808689,0.808689,0.808689,0,0
MEX,PB,D,20140915,000000,0.824501,0.824501,0.824501,0.824501,0,0
MEX,PB,D,20140917,000000,0.824501,0.903846,0.792782,0.880129,0,0
MEX,PB,D,20140918,000000,0.887938,0.951376,0.887938,0.943471,0,0
MEX,PB,D,20140919,000000,0.935469,0.97519,0.887938,0.97519,0,0
MEX,PB,D,20140922,000000,0.983095,0.983095,0.983095,0.983095,0,0
MEX,PB,D,20140923,000000,0.959282,0.959282,0.919657,0.919657,0,0
MEX,PB,D,20140924,000000,0.943471,0.983095,0.943471,0.983095,0,0
MEX,PB,D,20140925,000000,0.983095,0.983095,0.983095,0.983095,0,0
MEX,PB,D,20140926,000000,0.983095,0.983095,0.943471,0.959282,0,0
MEX,PB,D,20140929,000000,0.959282,0.959282,0.959282,0.959282,0,0
MEX,PB,D,20140930,000000,0.911752,0.951376,0.911752,0.951376,0,0
MEX,PB,D,20141001,000000,0.959282,0.959282,0.959282,0.959282,0,0
MEX,PB,D,20141002,000000,0.959282,0.959282,0.959282,0.959282,0,0
MEX,PB,D,20141003,000000,0.959282,0.959282,0.959282,0.959282,0,0
MEX,PB,D,20141006,000000,0.959282,0.959282,0.959282,0.959282,0,0
MEX,PB,D,20141007,000000,0.959282,0.959282,0.959282,0.959282,0,0
MEX,PB,D,20141008,000000,0.959282,0.959282,0.959282,0.959282,0,0
MEX,PB,D,20141009,000000,0.959282,0.959282,0.959282,0.959282,0,0
MEX,PB,D,20141010,000000,0.959282,0.959282,0.887938,0.927659,0,0
MEX,PB,D,20141013,000000,0.959282,0.959282,0.959282,0.959282,0,0
MEX,PB,D,20141014,000000,0.959282,0.959282,0.959282,0.959282,0,0
MEX,PB,D,20141015,000000,0.959282,0.959282,0.959282,0.959282,0,0
MEX,PB,D,20141016,000000,0.959282,0.959282,0.903846,0.959282,0,0
MEX,PB,D,20141017,000000,0.959282,0.959282,0.959282,0.959282,0,0
MEX,PB,D,20141020,000000,0.959282,0.959282,0.959282,0.959282,0,0
MEX,PB,D,20141021,000000,0.959282,0.959282,0.959282,0.959282,0,0
MEX,PB,D,20141022,000000,0.959282,0.959282,0.959282,0.959282,0,0
MEX,PB,D,20141023,000000,0.959282,0.959282,0.959282,0.959282,0,0
MEX,PB,D,20141024,000000,0.959282,0.959282,0.959282,0.959282,0,0
MEX,PB,D,20141027,000000,0.959282,0.959282,0.959282,0.959282,0,0
MEX,PB,D,20141028,000000,0.919657,0.959282,0.919657,0.959282,0,0
MEX,PB,D,20141029,000000,0.919657,0.959282,0.919657,0.959282,0,0
MEX,PB,D,20141030,000000,0.959282,0.959282,0.959282,0.959282,0,0
MEX,PB,D,20141031,000000,0.959282,0.959282,0.959282,0.959282,0,0
MEX,PB,D,20141103,000000,0.959282,0.959282,0.959282,0.959282,0,0
MEX,PB,D,20141104,000000,0.959282,0.959282,0.959282,0.959282,0,0
MEX,PB,D,20141105,000000,0.959282,0.959282,0.959282,0.959282,0,0
MEX,PB,D,20141106,000000,0.959282,0.959282,0.959282,0.959282,0,0
MEX,PB,D,20141107,000000,0.959282,0.959282,0.959282,0.959282,0,0
MEX,PB,D,20141110,000000,0.959282,0.959282,0.959282,0.959282,0,0
MEX,PB,D,20141112,000000,0.959282,0.959282,0.895941,0.895941,0,0
MEX,PB,D,20141114,000000,0.895941,0.895941,0.895941,0.895941,0,0
MEX,PB,D,20141117,000000,0.959282,0.959282,0.959282,0.959282,0,0
MEX,PB,D,20141118,000000,0.959282,0.959282,0.887938,0.887938,0,0
MEX,PB,D,20141124,000000,0.887938,0.887938,0.887938,0.887938,0,0
MEX,PB,D,20141201,000000,0.848314,0.848314,0.816498,0.816498,0,0
MEX,PB,D,20141202,000000,0.769065,0.769065,0.737346,0.737346,0,0
MEX,PB,D,20141203,000000,0.737346,0.769065,0.737346,0.761159,0,0
MEX,PB,D,20141204,000000,0.769065,0.769065,0.769065,0.769065,0,0
MEX,PB,D,20141205,000000,0.808689,0.808689,0.808689,0.808689,0,0
MEX,PB,D,20141208,000000,0.808689,0.808689,0.808689,0.808689,0,0
MEX,PB,D,20141209,000000,0.808689,0.808689,0.77697,0.77697,0,0
MEX,PB,D,20141210,000000,0.808689,0.808689,0.77697,0.77697,0,0
MEX,PB,D,20141211,000000,0.737346,0.769065,0.72944,0.72944,0,0
MEX,PB,D,20141212,000000,0.697817,0.721534,0.697817,0.721534,0,0
MEX,PB,D,20141216,000000,0.721534,0.721534,0.721534,0.721534,0,0
MEX,PB,D,20141217,000000,0.721534,0.721534,0.721534,0.721534,0,0
MEX,PB,D,20141219,000000,0.72944,0.72944,0.72944,0.72944,0,0
MEX,PB,D,20141222,000000,0.72944,0.72944,0.72944,0.72944,0,0
MEX,PB,D,20141223,000000,0.72944,0.72944,0.72944,0.72944,0,0
MEX,PB,D,20141229,000000,0.673908,0.673908,0.673908,0.673908,0,0
MEX,PB,D,20141230,000000,0.673908,0.673908,0.634283,0.673908,0,0
MEX,PB,D,20150102,000000,0.673908,0.721534,0.673908,0.721534,0,0
MEX,PB,D,20150105,000000,0.721534,0.753157,0.721534,0.753157,0,0
MEX,PB,D,20150107,000000,0.769065,0.769065,0.769065,0.769065,0,0
MEX,PB,D,20150108,000000,0.769065,0.769065,0.753157,0.769065,0,0
MEX,PB,D,20150109,000000,0.769065,0.769065,0.769065,0.769065,0,0
MEX,PB,D,20150112,000000,0.769065,0.769065,0.769065,0.769065,0,0
MEX,PB,D,20150113,000000,0.769065,0.769065,0.769065,0.769065,0,0
MEX,PB,D,20150114,000000,0.769065,0.816498,0.769065,0.816498,0,0
MEX,PB,D,20150115,000000,0.848314,0.848314,0.848314,0.848314,0,0
MEX,PB,D,20150116,000000,0.848314,0.848314,0.800687,0.848314,0,0
MEX,PB,D,20150119,000000,0.848314,0.864222,0.848314,0.864222,0,0
MEX,PB,D,20150120,000000,0.864222,0.911752,0.864222,0.911752,0,0
MEX,PB,D,20150121,000000,0.911752,0.951376,0.895941,0.951376,0,0
MEX,PB,D,20150122,000000,0.951376,0.951376,0.951376,0.951376,0,0
MEX,PB,D,20150123,000000,0.951376,0.951376,0.887938,0.935469,0,0
MEX,PB,D,20150126,000000,0.935469,0.935469,0.911752,0.911752,0,0
MEX,PB,D,20150127,000000,0.919657,0.919657,0.919657,0.919657,0,0
MEX,PB,D,20150128,000000,0.919657,0.919657,0.919657,0.919657,0,0
MEX,PB,D,20150129,000000,0.935469,0.935469,0.935469,0.935469,0,0
MEX,PB,D,20150130,000000,0.935469,0.935469,0.935469,0.935469,0,0
MEX,PB,D,20150202,000000,0.935469,0.935469,0.887938,0.911752,0,0
MEX,PB,D,20150203,000000,0.935469,0.935469,0.911752,0.911752,0,0
MEX,PB,D,20150204,000000,0.935469,0.935469,0.880129,0.880129,0,0
MEX,PB,D,20150205,000000,0.887938,0.887938,0.840408,0.864222,0,0
MEX,PB,D,20150211,000000,0.872127,0.872127,0.872127,0.872127,0,0
MEX,PB,D,20150212,000000,0.864222,0.887938,0.864222,0.887938,0,0
MEX,PB,D,20150213,000000,0.895941,0.911752,0.887938,0.911752,0,0
MEX,PB,D,20150216,000000,0.935469,0.935469,0.935469,0.935469,0,0
MEX,PB,D,20150217,000000,0.919657,0.919657,0.895941,0.911752,0,0
MEX,PB,D,20150218,000000,0.919657,0.919657,0.911752,0.911752,0,0
MEX,PB,D,20150219,000000,0.911752,0.911752,0.895941,0.911752,0,0
MEX,PB,D,20150220,000000,0.911752,0.911752,0.911752,0.911752,0,0
MEX,PB,D,20150223,000000,0.911752,0.911752,0.864222,0.903846,0,0
MEX,PB,D,20150224,000000,0.935469,0.935469,0.895941,0.895941,0,0
MEX,PB,D,20150225,000000,0.895941,0.895941,0.895941,0.895941,0,0
MEX,PB,D,20150226,000000,0.895941,0.895941,0.895941,0.895941,0,0
MEX,PB,D,20150227,000000,0.895941,0.895941,0.895941,0.895941,0,0
MEX,PB,D,20150302,000000,0.895941,0.895941,0.895941,0.895941,0,0
MEX,PB,D,20150303,000000,0.895941,0.911752,0.895941,0.911752,0,0
MEX,PB,D,20150304,000000,0.911752,1.00691,0.911752,1.00691,0,0
MEX,PB,D,20150305,000000,1.00691,1.10997,1.00691,1.04644,0,0
MEX,PB,D,20150306,000000,1.04644,1.07025,1.03063,1.03063,0,0
MEX,PB,D,20150309,000000,1.07816,1.07816,1.00691,1.00691,0,0
MEX,PB,D,20150310,000000,1.04644,1.04644,0.983095,1.00691,0,0
MEX,PB,D,20150311,000000,0.983095,0.991097,0.959282,0.959282,0,0
MEX,PB,D,20150312,000000,0.983095,1.07025,0.943471,1.00691,0,0
MEX,PB,D,20150313,000000,1.00691,1.03063,1.00691,1.00691,0,0
MEX,PB,D,20150316,000000,1.00691,1.07025,1.00691,1.06234,0,0
MEX,PB,D,20150317,000000,1.07816,1.07816,1.03063,1.04644,0,0
MEX,PB,D,20150318,000000,1.07025,1.1655,1.03063,1.1655,0,0
MEX,PB,D,20150319,000000,1.17341,1.21303,1.09406,1.1655,0,0
MEX,PB,D,20150320,000000,1.18922,1.30019,1.18922,1.26056,0,0
MEX,PB,D,20150323,000000,1.25256,1.41125,1.25256,1.41125,0,0
MEX,PB,D,20150324,000000,1.45878,1.45878,1.37163,1.41125,0,0
MEX,PB,D,20150325,000000,1.41125,1.42706,1.37163,1.41125,0,0
MEX,PB,D,20150326,000000,1.40335,2.24366,1.37163,2.24366,0,0
MEX,PB,D,20150327,000000,2.3151,2.39445,2.3151,2.39445,0,0
MEX,PB,D,20150330,000000,2.39445,2.39445,2.33101,2.38644,0,0
MEX,PB,D,20150331,000000,2.38644,2.38644,2.29119,2.29119,0,0
MEX,PB,D,20150401,000000,2.29919,2.29919,2.20413,2.21204,0,0
MEX,PB,D,20150402,000000,2.22785,2.24366,2.22785,2.24366,0,0
MEX,PB,D,20150407,000000,2.24366,2.28338,2.24366,2.24366,0,0
MEX,PB,D,20150408,000000,2.24366,2.24366,2.24366,2.24366,0,0
MEX,PB,D,20150409,000000,2.28338,2.28338,2.21994,2.27538,0,0
MEX,PB,D,20150410,000000,2.29919,2.29919,2.21994,2.23585,0,0
MEX,PB,D,20150413,000000,2.23585,2.23585,2.23585,2.23585,0,0
MEX,PB,D,20150414,000000,2.23585,2.23585,2.21994,2.21994,0,0
MEX,PB,D,20150415,000000,2.21994,2.21994,2.09316,2.21994,0,0
MEX,PB,D,20150416,000000,2.21994,2.21994,2.09316,2.16441,0,0
MEX,PB,D,20150420,000000,2.1565,2.1565,2.1565,2.1565,0,0
MEX,PB,D,20150421,000000,2.16441,2.16441,2.13269,2.13269,0,0
MEX,PB,D,20150422,000000,2.13269,2.16441,2.05344,2.16441,0,0
MEX,PB,D,20150423,000000,2.17232,2.17232,2.09316,2.17232,0,0
MEX,PB,D,20150424,000000,2.17232,2.17232,2.17232,2.17232,0,0
MEX,PB,D,20150427,000000,2.16441,2.16441,2.02163,2.02163,0,0
MEX,PB,D,20150428,000000,2.02163,2.21994,2.02163,2.21994,0,0
MEX,PB,D,20150429,000000,2.21994,2.21994,2.09316,2.09316,0,0
MEX,PB,D,20150430,000000,2.09316,2.09316,2.06935,2.08516,0,0
MEX,PB,D,20150504,000000,2.07735,2.07735,2.07735,2.07735,0,0
MEX,PB,D,20150505,000000,2.08516,2.09316,2.05344,2.09316,0,0
MEX,PB,D,20150506,000000,2.10107,2.24366,2.10107,2.22785,0,0
MEX,PB,D,20150507,000000,2.22785,2.22785,2.18022,2.22785,0,0
MEX,PB,D,20150508,000000,2.21994,2.21994,2.16441,2.17232,0,0
MEX,PB,D,20150511,000000,2.17232,2.24366,2.17232,2.21204,0,0
MEX,PB,D,20150512,000000,2.24366,2.24366,2.20413,2.21204,0,0
MEX,PB,D,20150513,000000,2.24366,2.24366,2.21204,2.24366,0,0
MEX,PB,D,20150514,000000,2.24366,2.24366,2.24366,2.24366,0,0
MEX,PB,D,20150515,000000,2.24366,2.71144,2.24366,2.59257,0,0
MEX,PB,D,20150518,000000,2.61629,2.67972,2.42607,2.53713,0,0
MEX,PB,D,20150519,000000,2.53713,2.57676,2.43397,2.57676,0,0
MEX,PB,D,20150520,000000,2.57676,2.68773,2.57676,2.65601,0,0
MEX,PB,D,20150521,000000,2.67972,2.67972,2.59257,2.60838,0,0
MEX,PB,D,20150522,000000,2.60047,2.60047,2.46569,2.52122,0,0
MEX,PB,D,20150525,000000,2.57676,2.57676,2.51332,2.57676,0,0
MEX,PB,D,20150526,000000,2.60838,2.60838,2.08516,2.08516,0,0
MEX,PB,D,20150527,000000,2.08516,2.08516,2.00582,2.08516,0,0
MEX,PB,D,20150528,000000,2.09316,2.09316,1.94238,2.01372,0,0
MEX,PB,D,20150529,000000,2.01372,2.01372,1.94238,2.01372,0,0
MEX,PB,D,20150601,000000,1.94238,2.01372,1.94238,1.94238,0,0
MEX,PB,D,20150602,000000,1.98991,1.98991,1.94238,1.94238,0,0
MEX,PB,D,20150603,000000,1.9821,1.98991,1.94238,1.98991,0,0
MEX,PB,D,20150605,000000,1.94238,1.98991,1.94238,1.98991,0,0
MEX,PB,D,20150609,000000,1.94238,1.98991,1.94238,1.98991,0,0
MEX,PB,D,20150610,000000,1.98991,1.98991,1.91075,1.98991,0,0
MEX,PB,D,20150611,000000,1.98991,1.98991,1.91075,1.98991,0,0
MEX,PB,D,20150612,000000,2.00582,2.00582,1.91866,1.98991,0,0
MEX,PB,D,20150615,000000,2.00582,2.00582,2.00582,2.00582,0,0
MEX,PB,D,20150616,000000,2.00582,2.00582,1.98991,1.98991,0,0
MEX,PB,D,20150617,000000,2.00582,2.00582,2.00582,2.00582,0,0
MEX,PB,D,20150618,000000,2.00582,2.09316,2.00582,2.07735,0,0
MEX,PB,D,20150619,000000,2.03744,2.07735,2.02963,2.06935,0,0
MEX,PB,D,20150622,000000,2.07735,2.07735,2.07735,2.07735,0,0
MEX,PB,D,20150623,000000,2.07735,2.07735,2.07735,2.07735,0,0
MEX,PB,D,20150624,000000,2.07735,2.07735,2.07735,2.07735,0,0
MEX,PB,D,20150625,000000,2.07735,2.09316,1.9741,2.09316,0,0
MEX,PB,D,20150626,000000,2.09316,2.09316,1.9741,2.08516,0,0
MEX,PB,D,20150629,000000,2.09316,2.09316,1.85522,1.85522,0,0
MEX,PB,D,20150630,000000,1.83941,1.88694,1.79178,1.85522,0,0
MEX,PB,D,20150701,000000,1.87894,1.87894,1.8156,1.8236,0,0
MEX,PB,D,20150702,000000,1.8236,1.88694,1.8236,1.88694,0,0
MEX,PB,D,20150703,000000,1.96619,1.96619,1.96619,1.96619,0,0
MEX,PB,D,20150706,000000,1.96619,1.9741,1.88694,1.9741,0,0
MEX,PB,D,20150707,000000,1.9741,1.9741,1.85522,1.88694,0,0
MEX,PB,D,20150708,000000,1.85522,1.85522,1.83141,1.85522,0,0
MEX,PB,D,20150709,000000,1.86313,1.92657,1.79178,1.92657,0,0
MEX,PB,D,20150710,000000,1.92657,2.09316,1.92657,2.09316,0,0
MEX,PB,D,20150713,000000,2.09316,2.09316,1.92657,2.09316,0,0
MEX,PB,D,20150714,000000,2.08516,2.09316,2.08516,2.09316,0,0
MEX,PB,D,20150715,000000,2.07735,2.07735,2.07735,2.07735,0,0
MEX,PB,D,20150716,000000,2.09316,2.1485,2.01372,2.09316,0,0
MEX,PB,D,20150717,000000,2.1485,2.1485,2.03744,2.14069,0,0
MEX,PB,D,20150720,000000,2.20413,2.20413,2.1485,2.16441,0,0
MEX,PB,D,20150721,000000,2.16441,2.52122,2.08516,2.52122,0,0
MEX,PB,D,20150722,000000,2.52913,2.63219,2.33101,2.54504,0,0
MEX,PB,D,20150723,000000,2.54504,2.54504,2.54504,2.54504,0,0
MEX,PB,D,20150724,000000,2.54504,2.54504,2.54504,2.54504,0,0
MEX,PB,D,20150727,000000,2.55304,2.65601,2.55304,2.63219,0,0
MEX,PB,D,20150728,000000,2.63219,2.63219,2.56085,2.62429,0,0
MEX,PB,D,20150729,000000,2.52913,2.62429,2.52913,2.62429,0,0
MEX,PB,D,20150730,000000,2.63219,2.63219,2.46569,2.46569,0,0
MEX,PB,D,20150731,000000,2.46569,2.62429,2.46569,2.62429,0,0
MEX,PB,D,20150803,000000,2.63219,2.63219,2.52913,2.52913,0,0
MEX,PB,D,20150804,000000,2.52913,2.63219,2.52913,2.53713,0,0
MEX,PB,D,20150805,000000,2.53713,2.62429,2.53713,2.62429,0,0
MEX,PB,D,20150806,000000,2.62429,2.63219,2.52913,2.63219,0,0
MEX,PB,D,20150807,000000,2.62429,2.62429,2.52913,2.62429,0,0
MEX,PB,D,20150810,000000,2.62429,2.63219,2.52913,2.62429,0,0
MEX,PB,D,20150811,000000,2.63219,2.66391,2.56085,2.56885,0,0
MEX,PB,D,20150812,000000,2.56885,2.63219,2.56085,2.62429,0,0
MEX,PB,D,20150813,000000,2.56085,2.63219,2.54504,2.54504,0,0
MEX,PB,D,20150814,000000,2.60047,2.60838,2.52913,2.52913,0,0
MEX,PB,D,20150817,000000,2.51332,2.65601,2.51332,2.6481,0,0
MEX,PB,D,20150818,000000,2.67191,2.67191,2.62429,2.62429,0,0
MEX,PB,D,20150819,000000,2.6481,2.66391,2.63219,2.63219,0,0
MEX,PB,D,20150820,000000,2.63219,2.6481,2.63219,2.63219,0,0
MEX,PB,D,20150821,000000,2.67191,2.77488,2.63219,2.77488,0,0
MEX,PB,D,20150824,000000,2.65601,2.77488,2.60838,2.60838,0,0
MEX,PB,D,20150825,000000,2.56085,2.86213,2.56085,2.67972,0,0
MEX,PB,D,20150826,000000,2.86213,2.86213,2.56085,2.72725,0,0
MEX,PB,D,20150827,000000,2.6401,2.86213,2.6401,2.86213,0,0
MEX,PB,D,20150828,000000,2.88585,3.17932,2.88585,3.06826,0,0
MEX,PB,D,20150831,000000,3.08416,3.21094,3.01272,3.01272,0,0
MEX,PB,D,20150901,000000,3.01272,3.01272,2.95729,2.95729,0,0
MEX,PB,D,20150902,000000,2.95729,2.95729,2.90176,2.90176,0,0
MEX,PB,D,20150903,000000,2.91757,3.22675,2.91757,3.22675,0,0
MEX,PB,D,20150904,000000,3.19513,3.29039,3.10798,3.25057,0,0
MEX,PB,D,20150907,000000,3.25857,3.28238,3.18713,3.26648,0,0
MEX,PB,D,20150908,000000,3.25857,3.25857,3.15551,3.19513,0,0
MEX,PB,D,20150909,000000,3.22675,3.22675,3.19513,3.19513,0,0
MEX,PB,D,20150910,000000,3.18713,3.18713,3.18713,3.18713,0,0
MEX,PB,D,20150911,000000,3.09197,3.1476,3.09197,3.12379,0,0
MEX,PB,D,20150914,000000,3.1476,3.1476,3.05245,3.09197,0,0
MEX,PB,D,20150915,000000,3.05245,3.05245,2.86213,2.94138,0,0
MEX,PB,D,20150916,000000,2.94138,2.98901,2.94138,2.98901,0,0
MEX,PB,D,20150917,000000,2.89385,2.94138,2.89385,2.94138,0,0
MEX,PB,D,20150918,000000,2.94138,2.94138,2.78288,2.88585,0,0
MEX,PB,D,20150921,000000,2.87004,2.87004,2.77488,2.83832,0,0
MEX,PB,D,20150922,000000,2.86213,2.86213,2.86213,2.86213,0,0
MEX,PB,D,20150923,000000,2.95729,2.95729,2.86213,2.86213,0,0
MEX,PB,D,20150924,000000,2.87804,2.87804,2.61629,2.74316,0,0
MEX,PB,D,20150925,000000,2.75107,2.78288,2.71944,2.78288,0,0
MEX,PB,D,20150928,000000,2.74316,2.74316,2.74316,2.74316,0,0
MEX,PB,D,20150929,000000,2.73526,2.74316,2.67972,2.74316,0,0
MEX,PB,D,20150930,000000,2.74316,2.78288,2.74316,2.78288,0,0
MEX,PB,D,20151001,000000,2.78288,2.78288,2.74316,2.78288,0,0
MEX,PB,D,20151002,000000,2.78288,2.95729,2.78288,2.90966,0,0
MEX,PB,D,20151005,000000,2.95729,2.95729,2.91757,2.95729,0,0
MEX,PB,D,20151006,000000,2.91757,3.03663,2.85423,2.85423,0,0
MEX,PB,D,20151007,000000,2.90966,3.00482,2.90966,2.95729,0,0
MEX,PB,D,20151008,000000,2.95729,2.95729,2.89385,2.94938,0,0
MEX,PB,D,20151009,000000,2.95729,2.95729,2.91757,2.91757,0,0
MEX,PB,D,20151012,000000,2.91757,2.91757,2.91757,2.91757,0,0
MEX,PB,D,20151013,000000,2.91757,2.91757,2.91757,2.91757,0,0
MEX,PB,D,20151014,000000,2.95729,2.95729,2.75107,2.85423,0,0
MEX,PB,D,20151015,000000,2.84632,2.85423,2.8067,2.8067,0,0
MEX,PB,D,20151016,000000,2.8067,2.85423,2.74316,2.8146,0,0
MEX,PB,D,20151019,000000,2.83832,2.84632,2.79069,2.79069,0,0
MEX,PB,D,20151020,000000,2.78288,2.84632,2.74316,2.84632,0,0
MEX,PB,D,20151021,000000,2.84632,2.84632,2.56085,2.56085,0,0
MEX,PB,D,20151022,000000,2.41026,2.61629,2.26747,2.54504,0,0
MEX,PB,D,20151023,000000,2.54504,2.71944,2.54504,2.59257,0,0
MEX,PB,D,20151026,000000,2.59257,2.67972,2.4815,2.67972,0,0
MEX,PB,D,20151027,000000,2.72725,2.72725,2.6481,2.71944,0,0
MEX,PB,D,20151028,000000,2.71944,2.71944,2.63219,2.6481,0,0
MEX,PB,D,20151029,000000,2.6481,2.6481,2.6481,2.6481,0,0
MEX,PB,D,20151030,000000,2.6481,2.6481,2.6481,2.6481,0,0
MEX,PB,D,20151102,000000,2.6401,2.6481,2.6401,2.6481,0,0
MEX,PB,D,20151103,000000,2.6481,2.6481,2.51332,2.63219,0,0
MEX,PB,D,20151104,000000,2.63219,2.63219,2.55304,2.63219,0,0
MEX,PB,D,20151105,000000,2.63219,2.63219,2.63219,2.63219,0,0
MEX,PB,D,20151106,000000,2.63219,2.63219,2.63219,2.63219,0,0
MEX,PB,D,20151109,000000,2.63219,2.6481,2.55304,2.6481,0,0
MEX,PB,D,20151110,000000,2.6481,2.6481,2.57676,2.6481,0,0
MEX,PB,D,20151112,000000,2.6481,2.91757,1.95038,1.95038,0,0
MEX,PB,D,20151113,000000,1.94238,1.94238,1.88694,1.90285,0,0
MEX,PB,D,20151116,000000,1.89485,1.89485,1.79178,1.87113,0,0
MEX,PB,D,20151117,000000,1.87113,1.90285,1.86313,1.86313,0,0
MEX,PB,D,20151118,000000,1.88694,1.88694,1.87113,1.87894,0,0
MEX,PB,D,20151119,000000,1.87894,1.96619,1.87113,1.96619,0,0
MEX,PB,D,20151120,000000,1.96619,1.9741,1.96619,1.9741,0,0
MEX,PB,D,20151123,000000,1.9741,2.00582,1.9741,2.00582,0,0
MEX,PB,D,20151124,000000,1.99791,2.04554,1.9821,2.04554,0,0
MEX,PB,D,20151125,000000,2.06135,2.1565,2.06135,2.08516,0,0
MEX,PB,D,20151126,000000,2.12479,2.12479,2.02963,2.07735,0,0
MEX,PB,D,20151127,000000,2.09316,2.09316,2.02163,2.06935,0,0
MEX,PB,D,20151130,000000,2.06935,2.09316,2.02163,2.09316,0,0
MEX,PB,D,20151201,000000,2.09316,2.09316,2.07735,2.07735,0,0
MEX,PB,D,20151202,000000,2.09316,2.09316,1.95829,1.9821,0,0
MEX,PB,D,20151203,000000,1.9821,2.05344,1.91075,1.98991,0,0
MEX,PB,D,20151204,000000,1.98991,2.05344,1.9821,2.04554,0,0
MEX,PB,D,20151207,000000,2.04554,2.04554,2.02163,2.02163,0,0
MEX,PB,D,20151208,000000,2.02163,2.04554,1.98991,2.02163,0,0
MEX,PB,D,20151209,000000,2.02963,2.02963,2.02963,2.02963,0,0
MEX,PB,D,20151210,000000,2.02163,2.02163,1.9821,1.9821,0,0
MEX,PB,D,20151211,000000,1.9821,2.02163,1.9821,2.02163,0,0
MEX,PB,D,20151214,000000,2.02163,2.02163,1.96619,1.96619,0,0
MEX,PB,D,20151215,000000,1.96619,1.96619,1.96619,1.96619,0,0
MEX,PB,D,20151216,000000,1.9821,1.9821,1.95829,1.95829,0,0
MEX,PB,D,20151217,000000,1.95829,1.95829,1.95829,1.95829,0,0
MEX,PB,D,20151218,000000,1.95829,1.95829,1.89485,1.95829,0,0
MEX,PB,D,20151221,000000,1.95829,1.95829,1.91866,1.95038,0,0
MEX,PB,D,20151222,000000,1.95829,1.95829,1.91866,1.95038,0,0
MEX,PB,D,20151223,000000,1.95829,1.9741,1.91866,1.9741,0,0
MEX,PB,D,20151228,000000,1.91075,2.02163,1.91075,1.9821,0,0
MEX,PB,D,20151229,000000,1.9741,1.9741,1.9741,1.9741,0,0
MEX,PB,D,20151230,000000,1.9741,1.9821,1.92657,1.9821,0,0
MEX,PB,D,20160104,000000,1.9821,1.9821,1.92657,1.9741,0,0
MEX,PB,D,20160105,000000,1.9741,1.9741,1.95038,1.9741,0,0
MEX,PB,D,20160107,000000,1.9741,1.9741,1.93457,1.9741,0,0
MEX,PB,D,20160108,000000,1.96619,2.02163,1.92657,1.9741,0,0
MEX,PB,D,20160111,000000,1.95038,1.95038,1.91075,1.93457,0,0
MEX,PB,D,20160112,000000,1.96619,1.96619,1.91075,1.91866,0,0
MEX,PB,D,20160113,000000,1.91075,1.9741,1.91075,1.9741,0,0
MEX,PB,D,20160114,000000,1.9741,1.9741,1.88694,1.93457,0,0
MEX,PB,D,20160115,000000,1.89485,1.93457,1.89485,1.93457,0,0
MEX,PB,D,20160118,000000,1.88694,1.94238,1.88694,1.94238,0,0
MEX,PB,D,20160119,000000,1.94238,2.01372,1.94238,1.99791,0,0
MEX,PB,D,20160120,000000,1.9821,1.9821,1.86313,1.91866,0,0
MEX,PB,D,20160122,000000,1.91866,1.91866,1.91866,1.91866,0,0
MEX,PB,D,20160125,000000,1.88694,1.92657,1.88694,1.92657,0,0
MEX,PB,D,20160126,000000,1.92657,1.93457,1.91075,1.93457,0,0
MEX,PB,D,20160127,000000,1.94238,1.95829,1.94238,1.95829,0,0
MEX,PB,D,20160128,000000,1.95829,1.95829,1.95829,1.95829,0,0
MEX,PB,D,20160129,000000,1.95829,1.95829,1.89485,1.95829,0,0
MEX,PB,D,20160201,000000,1.95829,1.95829,1.93457,1.95829,0,0
MEX,PB,D,20160202,000000,1.99791,1.99791,1.89485,1.95829,0,0
MEX,PB,D,20160203,000000,1.95829,1.95829,1.95829,1.95829,0,0
MEX,PB,D,20160204,000000,1.95829,1.95829,1.89485,1.95038,0,0
MEX,PB,D,20160205,000000,1.95829,1.95829,1.84732,1.95829,0,0
MEX,PB,D,20160208,000000,1.95829,1.95829,1.89485,1.92657,0,0
MEX,PB,D,20160209,000000,1.91866,1.91866,1.91075,1.91075,0,0
MEX,PB,D,20160210,000000,1.91075,2.12479,1.91075,2.12479,0,0
MEX,PB,D,20160211,000000,2.07735,2.14069,2.07735,2.09316,0,0
MEX,PB,D,20160212,000000,2.09316,2.09316,2.03744,2.06935,0,0
MEX,PB,D,20160215,000000,2.06935,2.06935,2.06935,2.06935,0,0
MEX,PB,D,20160216,000000,2.06935,2.09316,2.06935,2.09316,0,0
MEX,PB,D,20160217,000000,2.09316,2.09316,1.95829,2.00582,0,0
MEX,PB,D,20160218,000000,2.02163,2.02163,1.95038,2.02163,0,0
MEX,PB,D,20160219,000000,2.02163,2.02163,2.02163,2.02163,0,0
MEX,PB,D,20160222,000000,2.02163,2.02163,1.95038,1.99791,0,0
MEX,PB,D,20160223,000000,1.99791,1.99791,1.95038,1.99791,0,0
MEX,PB,D,20160224,000000,1.99791,1.99791,1.95038,1.99791,0,0
MEX,PB,D,20160225,000000,1.99791,1.99791,1.95038,1.9821,0,0
MEX,PB,D,20160226,000000,1.99791,1.99791,1.95038,1.95038,0,0
MEX,PB,D,20160229,000000,1.99791,1.99791,1.99791,1.99791,0,0
MEX,PB,D,20160301,000000,1.99791,1.99791,1.99791,1.99791,0,0
MEX,PB,D,20160302,000000,1.99791,1.99791,1.91866,1.9741,0,0
MEX,PB,D,20160303,000000,1.91866,1.9741,1.91866,1.9741,0,0
MEX,PB,D,20160304,000000,1.9821,1.9821,1.91866,1.9741,0,0
MEX,PB,D,20160307,000000,1.9821,2.02163,1.9741,2.02163,0,0
MEX,PB,D,20160308,000000,2.02163,2.10897,2.02163,2.10107,0,0
MEX,PB,D,20160309,000000,2.10107,2.1485,2.10107,2.14069,0,0
MEX,PB,D,20160310,000000,2.14069,2.14069,2.08516,2.14069,0,0
MEX,PB,D,20160311,000000,2.14069,2.14069,2.14069,2.14069,0,0
MEX,PB,D,20160314,000000,2.14069,2.17232,2.14069,2.17232,0,0
MEX,PB,D,20160315,000000,2.17232,2.17232,2.17232,2.17232,0,0
MEX,PB,D,20160316,000000,2.1565,2.1565,2.09316,2.1565,0,0
MEX,PB,D,20160317,000000,2.1565,2.1565,2.09316,2.09316,0,0
MEX,PB,D,20160318,000000,2.09316,2.09316,2.09316,2.09316,0,0
MEX,PB,D,20160321,000000,2.09316,2.09316,1.94238,2.02163,0,0
MEX,PB,D,20160322,000000,2.00582,2.01372,1.95829,2.01372,0,0
MEX,PB,D,20160323,000000,2.01372,2.08516,2.01372,2.08516,0,0
MEX,PB,D,20160324,000000,2.08516,2.08516,2.06935,2.06935,0,0
MEX,PB,D,20160329,000000,2.06935,2.06935,2.04554,2.04554,0,0
MEX,PB,D,20160330,000000,2.03744,2.03744,1.9821,2.03744,0,0
MEX,PB,D,20160331,000000,2.03744,2.03744,1.92657,2.03744,0,0
MEX,PB,D,20160401,000000,2.02163,2.02163,1.9741,2.02163,0,0
MEX,PB,D,20160404,000000,2.02163,2.21204,2.02163,2.21204,0,0
MEX,PB,D,20160405,000000,2.21204,2.26747,2.18022,2.26747,0,0
MEX,PB,D,20160406,000000,2.23585,2.33101,2.10897,2.19613,0,0
MEX,PB,D,20160407,000000,2.19613,2.23585,2.19613,2.19613,0,0
MEX,PB,D,20160408,000000,2.19613,2.23585,2.19613,2.21204,0,0
MEX,PB,D,20160411,000000,2.21994,2.37854,2.21994,2.37854,0,0
MEX,PB,D,20160412,000000,2.35472,2.40225,2.29119,2.33101,0,0
MEX,PB,D,20160413,000000,2.35472,2.41816,2.33101,2.41816,0,0
MEX,PB,D,20160414,000000,2.41816,2.41816,2.40225,2.41026,0,0
MEX,PB,D,20160415,000000,2.41816,2.41816,2.36273,2.37854,0,0
MEX,PB,D,20160418,000000,2.41026,2.41026,2.35472,2.39445,0,0
MEX,PB,D,20160419,000000,2.41026,2.44198,2.36273,2.44198,0,0
MEX,PB,D,20160420,000000,2.44978,2.46569,2.44198,2.44198,0,0
MEX,PB,D,20160421,000000,2.48951,2.51332,2.41816,2.41816,0,0
MEX,PB,D,20160422,000000,2.41816,2.46569,2.37854,2.37854,0,0
MEX,PB,D,20160425,000000,2.37854,2.41816,2.37854,2.41816,0,0
MEX,PB,D,20160426,000000,2.37854,2.37854,2.33101,2.35472,0,0
MEX,PB,D,20160427,000000,2.35472,2.35472,2.26747,2.34691,0,0
MEX,PB,D,20160428,000000,2.34691,2.34691,2.30719,2.33882,0,0
MEX,PB,D,20160429,000000,2.33101,2.33101,2.25166,2.33101,0,0
MEX,PB,D,20160502,000000,2.37063,2.37063,2.29119,2.30719,0,0
MEX,PB,D,20160504,000000,2.29919,2.37063,2.29919,2.37063,0,0
MEX,PB,D,20160505,000000,2.40225,2.40225,2.18022,2.30719,0,0
MEX,PB,D,20160506,000000,2.35472,2.35472,2.22785,2.29919,0,0
MEX,PB,D,20160509,000000,2.29919,2.29919,2.23585,2.29919,0,0
MEX,PB,D,20160510,000000,2.29919,2.30719,2.23585,2.30719,0,0
MEX,PB,D,20160511,000000,2.29919,2.30719,2.25957,2.28338,0,0
MEX,PB,D,20160512,000000,2.27538,2.27538,2.27538,2.27538,0,0
MEX,PB,D,20160513,000000,2.18822,2.25957,2.18822,2.25957,0,0
MEX,PB,D,20160516,000000,2.25957,2.25957,2.25957,2.25957,0,0
MEX,PB,D,20160517,000000,2.27538,2.27538,2.13269,2.14069,0,0
MEX,PB,D,20160518,000000,2.14069,2.19613,2.14069,2.19613,0,0
MEX,PB,D,20160519,000000,2.19613,2.23585,2.19613,2.23585,0,0
MEX,PB,D,20160520,000000,2.23585,2.23585,2.23585,2.23585,0,0
MEX,PB,D,20160523,000000,2.27538,2.27538,2.27538,2.27538,0,0
MEX,PB,D,20160524,000000,2.26747,2.41816,2.22785,2.30719,0,0
MEX,PB,D,20160525,000000,2.30719,2.40225,2.30719,2.40225,0,0
MEX,PB,D,20160527,000000,2.40225,2.48951,2.40225,2.48951,0,0
MEX,PB,D,20160530,000000,2.48951,3.17932,2.48951,3.06826,0,0
MEX,PB,D,20160531,000000,3.09197,3.09197,2.8146,2.87804,0,0
MEX,PB,D,20160601,000000,2.90966,2.90966,2.62429,2.66391,0,0
MEX,PB,D,20160602,000000,2.61629,2.87804,2.59257,2.63219,0,0
MEX,PB,D,20160603,000000,2.63219,2.63219,2.4736,2.59257,0,0
MEX,PB,D,20160606,000000,2.66391,2.8067,2.66391,2.8067,0,0
MEX,PB,D,20160607,000000,2.85423,3.01272,2.74316,2.98901,0,0
MEX,PB,D,20160608,000000,2.99682,2.99682,2.88585,2.93338,0,0
MEX,PB,D,20160609,000000,2.92557,2.92557,2.65601,2.68773,0,0
MEX,PB,D,20160610,000000,2.69563,2.71944,2.54504,2.57676,0,0
MEX,PB,D,20160613,000000,2.59257,2.67191,2.59257,2.67191,0,0
MEX,PB,D,20160614,000000,2.70354,2.70354,2.50541,2.59257,0,0
MEX,PB,D,20160615,000000,2.59257,2.63219,2.50541,2.59257,0,0
MEX,PB,D,20160616,000000,2.69563,2.69563,2.46569,2.52913,0,0
MEX,PB,D,20160617,000000,2.52122,2.6481,2.52122,2.6481,0,0
MEX,PB,D,20160620,000000,2.59257,2.69563,2.54504,2.67191,0,0
MEX,PB,D,20160621,000000,2.67191,2.67191,2.62429,2.67191,0,0
MEX,PB,D,20160622,000000,2.67191,2.67191,2.59257,2.66391,0,0
MEX,PB,D,20160623,000000,2.60047,2.66391,2.59257,2.65601,0,0
MEX,PB,D,20160624,000000,2.33101,2.62429,2.33101,2.60838,0,0
MEX,PB,D,20160627,000000,2.60838,2.60838,2.48951,2.59257,0,0
MEX,PB,D,20160628,000000,2.59257,2.6481,2.59257,2.6481,0,0
MEX,PB,D,20160629,000000,2.68773,2.82251,2.68773,2.78288,0,0
MEX,PB,D,20160630,000000,2.8067,2.8067,2.79069,2.79069,0,0
MEX,PB,D,20160701,000000,2.79069,2.79069,2.68773,2.72725,0,0
MEX,PB,D,20160704,000000,2.72725,2.75107,2.72725,2.73526,0,0
MEX,PB,D,20160705,000000,2.73526,2.99682,2.73526,2.87004,0,0
MEX,PB,D,20160706,000000,2.82251,2.88585,2.76697,2.83051,0,0
MEX,PB,D,20160707,000000,2.86097,2.87765,2.77758,2.87765,0,0
MEX,PB,D,20160708,000000,2.86097,2.96944,2.86097,2.96944,0,0
MEX,PB,D,20160711,000000,2.96944,2.96944,2.94427,2.94427,0,0
MEX,PB,D,20160712,000000,2.96944,2.96944,2.94427,2.96105,0,0
MEX,PB,D,20160713,000000,2.95276,2.95276,2.86097,2.90262,0,0
MEX,PB,D,20160714,000000,2.95276,2.95276,2.76919,2.8443,0,0
MEX,PB,D,20160715,000000,2.8443,2.8443,2.77758,2.77758,0,0
MEX,PB,D,20160718,000000,2.77758,2.79426,2.75251,2.7609,0,0
MEX,PB,D,20160719,000000,2.77758,2.86097,2.75251,2.75251,0,0
MEX,PB,D,20160720,000000,2.77758,2.85268,2.77758,2.79426,0,0
MEX,PB,D,20160721,000000,2.81084,2.94427,2.81084,2.90262,0,0
MEX,PB,D,20160722,000000,2.94427,2.94427,2.77758,2.83591,0,0
MEX,PB,D,20160725,000000,2.85268,2.89443,2.79426,2.82752,0,0
MEX,PB,D,20160726,000000,2.82752,2.90262,2.82752,2.89443,0,0
MEX,PB,D,20160727,000000,2.89443,2.96944,2.83591,2.85268,0,0
MEX,PB,D,20160728,000000,2.86097,2.96105,2.82752,2.94427,0,0
MEX,PB,D,20160729,000000,2.93608,2.93608,2.86097,2.90262,0,0
MEX,PB,D,20160801,000000,2.94427,2.94427,2.86097,2.90262,0,0
MEX,PB,D,20160802,000000,2.90262,2.93608,2.85268,2.9194,0,0
MEX,PB,D,20160803,000000,2.9194,2.93608,2.9194,2.93608,0,0
MEX,PB,D,20160804,000000,2.93608,2.96944,2.90262,2.96944,0,0
MEX,PB,D,20160805,000000,2.96944,2.96944,2.86097,2.90262,0,0
MEX,PB,D,20160808,000000,2.90262,2.90262,2.85268,2.89443,0,0
MEX,PB,D,20160809,000000,2.89443,2.90262,2.85268,2.85268,0,0
MEX,PB,D,20160810,000000,2.90262,2.90262,2.75251,2.85268,0,0
MEX,PB,D,20160811,000000,2.7609,2.81084,2.7609,2.7609,0,0
MEX,PB,D,20160812,000000,2.7609,2.80255,2.7609,2.80255,0,0
MEX,PB,D,20160816,000000,2.80255,2.80255,2.65244,2.71086,0,0
MEX,PB,D,20160817,000000,2.71086,2.89443,2.66083,2.83591,0,0
MEX,PB,D,20160818,000000,2.85268,2.85268,2.70248,2.76919,0,0
MEX,PB,D,20160819,000000,2.81084,2.85268,2.70248,2.7609,0,0
MEX,PB,D,20160822,000000,2.76919,2.76919,2.67751,2.6858,0,0
MEX,PB,D,20160823,000000,2.70248,2.72745,2.70248,2.70248,0,0
MEX,PB,D,20160824,000000,2.67751,2.70248,2.67751,2.6858,0,0
MEX,PB,D,20160825,000000,2.67751,2.70248,2.67751,2.70248,0,0
MEX,PB,D,20160826,000000,2.67751,2.71086,2.67751,2.67751,0,0
MEX,PB,D,20160829,000000,2.67751,3.04444,2.6025,3.04444,0,0
MEX,PB,D,20160830,000000,3.04444,3.06951,3.00279,3.06951,0,0
MEX,PB,D,20160831,000000,3.08619,3.22801,3.08619,3.21962,0,0
MEX,PB,D,20160901,000000,3.2362,3.24469,3.13623,3.2362,0,0
MEX,PB,D,20160902,000000,3.22801,3.22801,3.1529,3.22801,0,0
MEX,PB,D,20160905,000000,3.22801,3.22801,3.22801,3.22801,0,0
MEX,PB,D,20160906,000000,3.18636,3.18636,3.17787,3.17787,0,0
MEX,PB,D,20160907,000000,3.22801,3.22801,3.1612,3.21962,0,0
MEX,PB,D,20160908,000000,3.21962,3.21962,3.17787,3.21123,0,0
MEX,PB,D,20160909,000000,3.21962,3.37822,3.21962,3.22801,0,0
MEX,PB,D,20160912,000000,3.21962,3.22801,3.21962,3.21962,0,0
MEX,PB,D,20160913,000000,3.25298,3.25298,3.22801,3.25298,0,0
MEX,PB,D,20160914,000000,3.21962,3.26137,3.21962,3.26137,0,0
MEX,PB,D,20160915,000000,3.24469,3.24469,3.21123,3.21962,0,0
MEX,PB,D,20160916,000000,3.21123,3.21962,3.21123,3.21962,0,0
MEX,PB,D,20160919,000000,3.22801,3.2362,3.21962,3.2362,0,0
MEX,PB,D,20160920,000000,3.27795,3.27795,3.1529,3.20294,0,0
MEX,PB,D,20160921,000000,3.19465,3.19465,3.12784,3.17787,0,0
MEX,PB,D,20160922,000000,3.17787,3.17787,3.17787,3.17787,0,0
MEX,PB,D,20160923,000000,3.17787,3.17787,3.09448,3.17787,0,0
MEX,PB,D,20160926,000000,3.17787,3.27795,3.12784,3.26966,0,0
MEX,PB,D,20160927,000000,3.27795,3.34476,3.25298,3.25298,0,0
MEX,PB,D,20160928,000000,3.27795,3.27795,3.1612,3.21123,0,0
MEX,PB,D,20160929,000000,3.21123,3.24469,3.17787,3.2362,0,0
MEX,PB,D,20160930,000000,3.26966,3.26966,3.22801,3.25298,0,0
MEX,PB,D,20161003,000000,3.25298,3.26966,3.25298,3.26966,0,0
MEX,PB,D,20161004,000000,3.30311,3.30311,3.21123,3.22801,0,0
MEX,PB,D,20161005,000000,3.22801,3.22801,3.21123,3.21123,0,0
MEX,PB,D,20161006,000000,3.22801,3.22801,3.21123,3.21123,0,0
MEX,PB,D,20161007,000000,3.21123,3.21123,3.17787,3.21123,0,0
MEX,PB,D,20161010,000000,3.22801,3.22801,3.17787,3.21123,0,0
MEX,PB,D,20161011,000000,3.21123,3.21962,3.17787,3.21962,0,0
MEX,PB,D,20161012,000000,3.21962,3.22801,3.21962,3.22801,0,0
MEX,PB,D,20161013,000000,3.24469,3.34476,3.24469,3.34476,0,0
MEX,PB,D,20161014,000000,3.34476,3.67834,3.34476,3.66166,0,0
MEX,PB,D,20161017,000000,3.62001,3.6283,3.45322,3.51994,0,0
MEX,PB,D,20161018,000000,3.54491,3.54491,3.51994,3.51994,0,0
MEX,PB,D,20161019,000000,3.51994,3.51994,3.46151,3.51994,0,0
MEX,PB,D,20161020,000000,3.51155,3.51155,3.46151,3.46151,0,0
MEX,PB,D,20161021,000000,3.46151,3.46151,3.46151,3.46151,0,0
MEX,PB,D,20161024,000000,3.46151,3.46981,3.45322,3.46981,0,0
MEX,PB,D,20161025,000000,3.51155,3.51155,3.45322,3.45322,0,0
MEX,PB,D,20161026,000000,3.47829,3.47829,3.45322,3.45322,0,0
MEX,PB,D,20161027,000000,3.46981,3.46981,3.38641,3.46981,0,0
MEX,PB,D,20161028,000000,3.46981,3.46981,3.44483,3.44483,0,0
MEX,PB,D,20161031,000000,3.43654,3.44483,3.40319,3.40319,0,0
MEX,PB,D,20161102,000000,3.45322,3.45322,3.3947,3.42816,0,0
MEX,PB,D,20161103,000000,3.37822,3.37822,3.32808,3.36973,0,0
MEX,PB,D,20161104,000000,3.36973,3.40319,3.30311,3.40319,0,0
MEX,PB,D,20161107,000000,3.3947,3.3947,3.30311,3.37822,0,0
MEX,PB,D,20161108,000000,3.35305,3.37822,3.21962,3.36973,0,0
MEX,PB,D,20161109,000000,3.32808,3.32808,3.31979,3.32808,0,0
MEX,PB,D,20161110,000000,3.33637,3.38641,3.33637,3.35305,0,0
MEX,PB,D,20161114,000000,3.40319,3.40319,3.22801,3.32808,0,0
MEX,PB,D,20161115,000000,3.34476,3.34476,3.22801,3.31131,0,0
MEX,PB,D,20161116,000000,3.31131,3.31131,3.17787,3.20294,0,0
MEX,PB,D,20161117,000000,3.19465,3.19465,3.09448,3.12784,0,0
MEX,PB,D,20161118,000000,3.12784,3.12784,2.86927,2.86927,0,0
MEX,PB,D,20161121,000000,2.87765,2.96944,2.72745,2.72745,0,0
MEX,PB,D,20161122,000000,2.6858,2.71915,2.6858,2.71915,0,0
MEX,PB,D,20161123,000000,2.70248,2.81933,2.70248,2.81933,0,0
MEX,PB,D,20161124,000000,2.83591,2.96105,2.83591,2.96105,0,0
MEX,PB,D,20161125,000000,2.96105,2.96105,2.96105,2.96105,0,0
MEX,PB,D,20161128,000000,2.96105,2.96105,2.96105,2.96105,0,0
MEX,PB,D,20161129,000000,2.96105,2.96105,2.96105,2.96105,0,0
MEX,PB,D,20161130,000000,2.96105,2.96105,2.96105,2.96105,0,0
MEX,PB,D,20161201,000000,2.96105,2.96105,2.86927,2.95276,0,0
MEX,PB,D,20161202,000000,2.95276,2.96105,2.95276,2.96105,0,0
MEX,PB,D,20161205,000000,2.96105,2.96105,2.95276,2.96105,0,0
MEX,PB,D,20161206,000000,2.96105,2.96105,2.95276,2.95276,0,0
MEX,PB,D,20161207,000000,2.93608,2.96105,2.93608,2.95276,0,0
MEX,PB,D,20161208,000000,2.95276,2.96105,2.91101,2.96105,0,0
MEX,PB,D,20161209,000000,2.96105,2.96105,2.86927,2.93608,0,0
MEX,PB,D,20161212,000000,2.93608,2.93608,2.92769,2.92769,0,0
MEX,PB,D,20161213,000000,2.90262,2.90262,2.89443,2.89443,0,0
MEX,PB,D,20161214,000000,2.91101,2.91101,2.79426,2.86927,0,0
MEX,PB,D,20161215,000000,2.80255,3.08619,2.80255,3.08619,0,0
MEX,PB,D,20161216,000000,3.09448,3.11955,3.05283,3.05283,0,0
MEX,PB,D,20161219,000000,3.09448,3.21962,3.09448,3.20294,0,0
MEX,PB,D,20161220,000000,3.09448,3.21962,3.09448,3.21123,0,0
MEX,PB,D,20161221,000000,3.21962,3.21962,2.96105,3.18636,0,0
MEX,PB,D,20161222,000000,3.20294,3.20294,3.01109,3.0778,0,0
MEX,PB,D,20161223,000000,3.0778,3.09448,3.05283,3.0778,0,0
MEX,PB,D,20161227,000000,3.00279,3.05283,3.00279,3.02786,0,0
MEX,PB,D,20161228,000000,3.03615,3.11126,3.03615,3.10277,0,0
MEX,PB,D,20161229,000000,3.0778,3.0778,3.0778,3.0778,0,0
MEX,PB,D,20161230,000000,3.03615,3.0778,3.03615,3.0778,0,0
MEX,PB,D,20170102,000000,3.0778,3.0778,3.03615,3.04444,0,0
MEX,PB,D,20170103,000000,3.03615,3.03615,3.01109,3.01109,0,0
MEX,PB,D,20170104,000000,3.02786,3.02786,3.01109,3.02786,0,0
MEX,PB,D,20170105,000000,3.05283,3.05283,2.98602,3.01938,0,0
MEX,PB,D,20170109,000000,3.01109,3.02786,3.00279,3.00279,0,0
MEX,PB,D,20170110,000000,3.02786,3.11126,3.02786,3.05283,0,0
MEX,PB,D,20170111,000000,3.05283,3.21123,3.05283,3.1612,0,0
MEX,PB,D,20170112,000000,3.21123,3.21123,3.14461,3.1529,0,0
MEX,PB,D,20170113,000000,3.21123,3.27795,3.18636,3.2362,0,0
MEX,PB,D,20170116,000000,3.26966,3.26966,3.01109,3.14461,0,0
MEX,PB,D,20170117,000000,3.21123,3.21123,3.16958,3.21123,0,0
MEX,PB,D,20170118,000000,3.21123,3.21123,3.20294,3.21123,0,0
MEX,PB,D,20170119,000000,3.22801,3.27795,3.21123,3.26966,0,0
MEX,PB,D,20170120,000000,3.28634,3.61172,3.28634,3.5533,0,0
MEX,PB,D,20170123,000000,3.56168,3.56168,3.46981,3.52823,0,0
MEX,PB,D,20170124,000000,3.53662,3.53662,3.40319,3.48658,0,0
MEX,PB,D,20170125,000000,3.48658,3.48658,3.42816,3.46151,0,0
MEX,PB,D,20170126,000000,3.46151,3.46151,3.42816,3.42816,0,0
MEX,PB,D,20170127,000000,3.42816,3.5533,3.42816,3.46151,0,0
MEX,PB,D,20170130,000000,3.46151,3.52823,3.46151,3.51155,0,0
MEX,PB,D,20170131,000000,3.51155,3.6283,3.51155,3.5533,0,0
MEX,PB,D,20170201,000000,3.54491,3.65337,3.54491,3.64498,0,0
MEX,PB,D,20170202,000000,3.65337,3.8702,3.65337,3.79509,0,0
MEX,PB,D,20170203,000000,3.87858,3.90355,3.83684,3.87858,0,0
MEX,PB,D,20170206,000000,3.92862,3.92862,3.74515,3.81187,0,0
MEX,PB,D,20170207,000000,3.84523,3.84523,3.60324,3.60324,0,0
MEX,PB,D,20170208,000000,3.60324,3.69512,3.60324,3.65337,0,0
MEX,PB,D,20170209,000000,3.65337,3.73677,3.65337,3.72009,0,0
MEX,PB,D,20170210,000000,3.77012,3.83684,3.74515,3.80348,0,0
MEX,PB,D,20170213,000000,3.82855,3.82855,3.72847,3.72847,0,0
MEX,PB,D,20170214,000000,3.69512,3.79509,3.6283,3.79509,0,0
MEX,PB,D,20170215,000000,3.79509,3.81187,3.72009,3.72009,0,0
MEX,PB,D,20170216,000000,3.7868,3.7868,3.72009,3.72009,0,0
MEX,PB,D,20170217,000000,3.79509,3.79509,3.50316,3.73677,0,0
MEX,PB,D,20170220,000000,3.73677,3.77851,3.65337,3.77851,0,0
MEX,PB,D,20170221,000000,3.77851,3.81187,3.77012,3.81187,0,0
MEX,PB,D,20170222,000000,3.83684,3.83684,3.77012,3.81187,0,0
MEX,PB,D,20170223,000000,3.79509,3.79509,3.74515,3.74515,0,0
MEX,PB,D,20170224,000000,3.79509,3.79509,3.72009,3.72009,0,0
MEX,PB,D,20170227,000000,3.72009,3.72009,3.65337,3.65337,0,0
MEX,PB,D,20170228,000000,3.69512,3.69512,3.56168,3.64498,0,0
MEX,PB,D,20170301,000000,3.56168,3.69512,3.56168,3.69512,0,0
MEX,PB,D,20170302,000000,3.74515,3.74515,3.69512,3.73677,0,0
MEX,PB,D,20170303,000000,3.74515,3.74515,3.69512,3.69512,0,0
MEX,PB,D,20170306,000000,3.74515,3.74515,3.67834,3.67834,0,0
MEX,PB,D,20170307,000000,3.65337,3.69512,3.63669,3.63669,0,0
MEX,PB,D,20170308,000000,3.63669,3.63669,3.63669,3.63669,0,0
MEX,PB,D,20170309,000000,3.51994,3.58665,3.50316,3.58665,0,0
MEX,PB,D,20170310,000000,3.50316,3.56988,3.50316,3.56988,0,0
MEX,PB,D,20170313,000000,3.44483,3.56988,3.44483,3.56988,0,0
MEX,PB,D,20170314,000000,3.56988,3.58665,3.56988,3.56988,0,0
MEX,PB,D,20170315,000000,3.58665,3.58665,3.51155,3.58665,0,0
MEX,PB,D,20170316,000000,3.60324,3.69512,3.60324,3.69512,0,0
MEX,PB,D,20170317,000000,3.69512,3.77012,3.69512,3.77012,0,0
MEX,PB,D,20170320,000000,3.77012,3.77851,3.74515,3.77012,0,0
MEX,PB,D,20170321,000000,3.56168,3.56168,3.2362,3.2362,0,0
MEX,PB,D,20170322,000000,3.2362,3.25298,3.18636,3.25298,0,0
MEX,PB,D,20170323,000000,3.35305,3.51155,3.2362,3.51155,0,0
MEX,PB,D,20170324,000000,3.51155,3.51155,3.42816,3.47829,0,0
MEX,PB,D,20170327,000000,3.47829,3.47829,3.47829,3.47829,0,0
MEX,PB,D,20170328,000000,3.48658,3.48658,3.41977,3.47829,0,0
MEX,PB,D,20170329,000000,3.44483,3.44483,3.44483,3.44483,0,0
MEX,PB,D,20170330,000000,3.46151,3.46151,3.30311,3.41148,0,0
MEX,PB,D,20170331,000000,3.41148,3.41148,3.29472,3.29472,0,0
MEX,PB,D,20170403,000000,3.36973,3.3947,3.29472,3.3947,0,0
MEX,PB,D,20170404,000000,3.34476,3.34476,3.27795,3.27795,0,0
MEX,PB,D,20170405,000000,3.27795,3.35305,3.26966,3.35305,0,0
MEX,PB,D,20170406,000000,3.47829,3.47829,3.37822,3.44483,0,0
MEX,PB,D,20170407,000000,3.47829,3.74515,3.47829,3.65337,0,0
MEX,PB,D,20170410,000000,3.69512,3.74515,3.65337,3.73677,0,0
MEX,PB,D,20170411,000000,3.75344,3.82855,3.75344,3.7868,0,0
MEX,PB,D,20170412,000000,3.79509,3.79509,3.67834,3.74515,0,0
MEX,PB,D,20170413,000000,3.77851,3.77851,3.60324,3.74515,0,0
MEX,PB,D,20170418,000000,3.77012,3.77012,3.49487,3.69512,0,0
MEX,PB,D,20170419,000000,3.69512,3.69512,3.56168,3.56168,0,0
MEX,PB,D,20170420,000000,3.56168,3.6283,3.53662,3.53662,0,0
MEX,PB,D,20170421,000000,3.60324,3.60324,3.56168,3.57827,0,0
MEX,PB,D,20170424,000000,3.57827,3.67834,3.57827,3.67834,0,0
MEX,PB,D,20170425,000000,3.67015,3.67015,3.46981,3.47829,0,0
MEX,PB,D,20170426,000000,3.56168,3.56168,3.46981,3.51155,0,0
MEX,PB,D,20170427,000000,3.56168,3.61172,3.56168,3.60324,0,0
MEX,PB,D,20170428,000000,3.6283,3.6283,3.60324,3.60324,0,0
MEX,PB,D,20170502,000000,3.60324,3.60324,3.60324,3.60324,0,0
MEX,PB,D,20170504,000000,3.6283,3.6283,3.56168,3.56168,0,0
MEX,PB,D,20170505,000000,3.60324,3.60324,3.47829,3.60324,0,0
MEX,PB,D,20170508,000000,3.60324,3.60324,3.51155,3.51155,0,0
MEX,PB,D,20170509,000000,3.53662,3.53662,3.26966,3.26966,0,0
MEX,PB,D,20170510,000000,3.26137,3.26966,3.21123,3.21123,0,0
MEX,PB,D,20170511,000000,3.1612,3.24469,3.13623,3.24469,0,0
MEX,PB,D,20170512,000000,3.24469,3.24469,3.20294,3.24469,0,0
MEX,PB,D,20170515,000000,3.24469,3.24469,3.24469,3.24469,0,0
MEX,PB,D,20170516,000000,3.24469,3.24469,3.1529,3.1529,0,0
MEX,PB,D,20170517,000000,3.11955,3.12784,3.11955,3.11955,0,0
MEX,PB,D,20170518,000000,3.22801,3.22801,3.22801,3.22801,0,0
MEX,PB,D,20170519,000000,3.21962,3.21962,3.04444,3.04444,0,0
MEX,PB,D,20170522,000000,3.04444,3.06951,3.04444,3.06951,0,0
MEX,PB,D,20170523,000000,3.06951,3.06951,3.04444,3.04444,0,0
MEX,PB,D,20170524,000000,3.04444,3.04444,3.02786,3.02786,0,0
MEX,PB,D,20170525,000000,3.04444,3.04444,2.93608,3.02786,0,0
MEX,PB,D,20170526,000000,3.02786,3.02786,2.93608,2.94427,0,0
MEX,PB,D,20170529,000000,3.01109,3.06951,3.01109,3.06951,0,0
MEX,PB,D,20170530,000000,3.06951,3.06951,2.95276,3.06112,0,0
MEX,PB,D,20170531,000000,3.06951,3.06951,3.02786,3.06112,0,0
MEX,PB,D,20170601,000000,3.06951,3.06951,3.06951,3.06951,0,0
MEX,PB,D,20170602,000000,3.06112,3.06112,3.06112,3.06112,0,0
MEX,PB,D,20170605,000000,3.05283,3.05283,2.96105,3.02786,0,0
MEX,PB,D,20170606,000000,3.02786,3.02786,2.94427,3.01938,0,0
MEX,PB,D,20170607,000000,3.01938,3.01938,3.01938,3.01938,0,0
MEX,PB,D,20170608,000000,3.01938,3.01938,2.97773,3.01938,0,0
MEX,PB,D,20170609,000000,2.97773,3.01938,2.90262,3.01938,0,0
MEX,PB,D,20170612,000000,2.94427,2.97773,2.94427,2.97773,0,0
MEX,PB,D,20170613,000000,3.01938,3.01938,2.97773,2.97773,0,0
MEX,PB,D,20170614,000000,2.96944,2.98602,2.86927,2.86927,0,0
MEX,PB,D,20170616,000000,2.86927,2.98602,2.6858,2.96944,0,0
MEX,PB,D,20170619,000000,2.96944,2.96944,2.8443,2.93608,0,0
MEX,PB,D,20170620,000000,2.96944,2.96944,2.86927,2.86927,0,0
MEX,PB,D,20170621,000000,2.86927,2.86927,2.82752,2.82752,0,0
MEX,PB,D,20170622,000000,2.82752,2.86097,2.73593,2.82752,0,0
MEX,PB,D,20170623,000000,2.8443,2.86097,2.7609,2.86097,0,0
MEX,PB,D,20170626,000000,2.86097,2.86097,2.86097,2.86097,0,0
MEX,PB,D,20170627,000000,2.82752,2.86097,2.78597,2.86097,0,0
MEX,PB,D,20170628,000000,2.86097,2.86097,2.72745,2.86097,0,0
MEX,PB,D,20170629,000000,2.86097,2.86927,2.82752,2.86927,0,0
MEX,PB,D,20170630,000000,2.86927,2.96944,2.86927,2.96944,0,0
MEX,PB,D,20170703,000000,3.01938,3.01938,2.86927,2.94427,0,0
MEX,PB,D,20170704,000000,2.96944,2.96944,2.93608,2.93608,0,0
MEX,PB,D,20170705,000000,2.90262,2.94427,2.82752,2.94427,0,0
MEX,PB,D,20170706,000000,2.94427,2.94427,2.90262,2.90262,0,0
MEX,PB,D,20170707,000000,2.86927,2.98602,2.86927,2.94427,0,0
MEX,PB,D,20170710,000000,2.94427,2.94427,2.93608,2.93608,0,0
MEX,PB,D,20170711,000000,2.94427,2.94427,2.89443,2.89443,0,0
MEX,PB,D,20170712,000000,2.98602,2.98602,2.85268,2.98602,0,0
MEX,PB,D,20170713,000000,2.94427,2.97773,2.8443,2.86927,0,0
MEX,PB,D,20170714,000000,3.00675,3.08542,3.00675,3.08542,0,0
MEX,PB,D,20170717,000000,2.89308,3.07664,2.89308,3.07664,0,0
MEX,PB,D,20170719,000000,3.06797,3.06797,3.0242,3.06797,0,0
MEX,PB,D,20170720,000000,3.06797,3.06797,3.06797,3.06797,0,0
MEX,PB,D,20170721,000000,3.06797,3.06797,3.06797,3.06797,0,0
MEX,PB,D,20170724,000000,3.06797,3.06797,3.06797,3.06797,0,0
MEX,PB,D,20170725,000000,3.06797,3.06797,2.96307,3.06797,0,0
MEX,PB,D,20170726,000000,3.06797,3.06797,3.06797,3.06797,0,0
MEX,PB,D,20170727,000000,2.96307,2.99807,2.94562,2.9543,0,0
MEX,PB,D,20170728,000000,3.06797,3.06797,2.9543,3.00675,0,0
MEX,PB,D,20170731,000000,2.86695,3.06797,2.86695,3.06797,0,0
MEX,PB,D,20170801,000000,3.00675,3.00675,2.99807,2.99807,0,0
MEX,PB,D,20170802,000000,2.99807,2.99807,2.99807,2.99807,0,0
MEX,PB,D,20170803,000000,2.99807,2.99807,2.99807,2.99807,0,0
MEX,PB,D,20170804,000000,2.99807,2.99807,2.99807,2.99807,0,0
MEX,PB,D,20170807,000000,2.99807,2.99807,2.99807,2.99807,0,0
MEX,PB,D,20170808,000000,2.99807,2.99807,2.77951,2.84941,0,0
MEX,PB,D,20170809,000000,2.96307,2.96307,2.82318,2.82318,0,0
MEX,PB,D,20170810,000000,2.75328,2.82318,2.75328,2.8145,0,0
MEX,PB,D,20170811,000000,2.8145,2.8145,2.72706,2.77073,0,0
MEX,PB,D,20170814,000000,2.74451,2.74451,2.60472,2.70084,0,0
MEX,PB,D,20170816,000000,2.60472,2.70084,2.60472,2.70084,0,0
MEX,PB,D,20170817,000000,2.69206,2.69206,2.62217,2.62217,0,0
MEX,PB,D,20170818,000000,2.62217,2.69206,2.62217,2.69206,0,0
MEX,PB,D,20170821,000000,2.71829,2.71829,2.63094,2.71829,0,0
MEX,PB,D,20170822,000000,2.71829,2.71829,2.71829,2.71829,0,0
MEX,PB,D,20170823,000000,2.68339,2.70084,2.63094,2.70084,0,0
MEX,PB,D,20170824,000000,2.70084,2.70084,2.70084,2.70084,0,0
MEX,PB,D,20170825,000000,2.70084,2.70084,2.70084,2.70084,0,0
MEX,PB,D,20170828,000000,2.70084,2.70084,2.66594,2.69206,0,0
MEX,PB,D,20170829,000000,2.70084,2.70084,2.67461,2.69206,0,0
MEX,PB,D,20170830,000000,2.70084,2.70084,2.65707,2.69206,0,0
MEX,PB,D,20170831,000000,2.27249,2.33371,2.10647,2.11524,0,0
MEX,PB,D,20170901,000000,2.14137,2.14137,2.03657,2.08024,0,0
MEX,PB,D,20170904,000000,2.07147,2.07147,2.07147,2.07147,0,0
MEX,PB,D,20170905,000000,2.12392,2.12392,2.00157,2.00157,0,0
MEX,PB,D,20170906,000000,2.08024,2.08024,1.88791,1.93168,0,0
MEX,PB,D,20170907,000000,2.03657,2.03657,1.84433,1.85301,0,0
MEX,PB,D,20170908,000000,1.89678,1.89678,1.77433,1.77433,0,0
MEX,PB,D,20170911,000000,1.72189,1.89678,1.72189,1.81801,0,0
MEX,PB,D,20170912,000000,1.82678,1.87923,1.65199,1.66944,0,0
MEX,PB,D,20170913,000000,1.77433,1.89678,1.59954,1.89678,0,0
MEX,PB,D,20170914,000000,1.89678,1.89678,1.87923,1.88791,0,0
MEX,PB,D,20170915,000000,1.89678,2.02789,1.84433,1.98412,0,0
MEX,PB,D,20170918,000000,2.02789,2.02789,1.98412,1.98412,0,0
MEX,PB,D,20170919,000000,2.02789,2.02789,1.98412,2.01035,0,0
MEX,PB,D,20170920,000000,2.03657,2.08902,1.94913,1.94913,0,0
MEX,PB,D,20170921,000000,1.9928,2.12392,1.9928,2.05402,0,0
MEX,PB,D,20170922,000000,2.09779,2.16769,2.09779,2.13269,0,0
MEX,PB,D,20170925,000000,2.13269,2.15024,2.12392,2.15024,0,0
MEX,PB,D,20170926,000000,2.16769,2.16769,2.15024,2.15024,0,0
MEX,PB,D,20170927,000000,2.16769,2.16769,2.09779,2.13269,0,0
MEX,PB,D,20170928,000000,2.13269,2.13269,2.13269,2.13269,0,0
MEX,PB,D,20170929,000000,2.33371,2.33371,2.33371,2.33371,0,0
MEX,PB,D,20171002,000000,2.33371,2.42992,2.27249,2.35125,0,0
MEX,PB,D,20171003,000000,2.35125,2.35125,2.16769,2.18514,0,0
MEX,PB,D,20171004,000000,2.21136,2.21136,2.19391,2.21136,0,0
MEX,PB,D,20171005,000000,2.21136,2.21136,2.19391,2.19391,0,0
MEX,PB,D,20171006,000000,2.19391,2.19391,2.16769,2.16769,0,0
MEX,PB,D,20171009,000000,2.33371,2.33371,2.10647,2.33371,0,0
MEX,PB,D,20171010,000000,2.32493,2.32493,2.18514,2.29003,0,0
MEX,PB,D,20171011,000000,2.29003,2.4386,2.29003,2.42115,0,0
MEX,PB,D,20171012,000000,2.42992,2.42992,2.3687,2.42115,0,0
MEX,PB,D,20171013,000000,2.42115,2.42115,2.3687,2.4036,0,0
MEX,PB,D,20171016,000000,2.4036,2.42115,2.24636,2.41247,0,0
MEX,PB,D,20171017,000000,2.4036,2.4036,2.3687,2.39493,0,0
MEX,PB,D,20171018,000000,2.39493,2.39493,2.3687,2.3687,0,0
MEX,PB,D,20171019,000000,2.39493,2.39493,2.33371,2.34248,0,0
MEX,PB,D,20171020,000000,2.3687,2.3687,2.3687,2.3687,0,0
MEX,PB,D,20171023,000000,2.3687,2.3687,2.33371,2.33371,0,0
MEX,PB,D,20171024,000000,2.3687,2.3687,2.3687,2.3687,0,0
MEX,PB,D,20171025,000000,2.3687,2.3687,2.3687,2.3687,0,0
MEX,PB,D,20171026,000000,2.3687,2.3687,2.3687,2.3687,0,0
MEX,PB,D,20171027,000000,2.3687,2.3687,2.3687,2.3687,0,0
MEX,PB,D,20171030,000000,2.35993,2.3687,2.34248,2.35993,0,0
MEX,PB,D,20171031,000000,2.34248,2.3687,2.34248,2.3687,0,0
MEX,PB,D,20171102,000000,2.38615,2.38615,2.34248,2.35993,0,0
MEX,PB,D,20171103,000000,2.38615,2.38615,2.3687,2.3687,0,0
MEX,PB,D,20171106,000000,2.3687,2.3687,2.29003,2.29003,0,0
MEX,PB,D,20171107,000000,2.3687,2.3687,2.33371,2.3687,0,0
MEX,PB,D,20171108,000000,2.3687,2.3687,2.22014,2.26381,0,0
MEX,PB,D,20171109,000000,2.3687,2.3687,2.23759,2.26381,0,0
MEX,PB,D,20171110,000000,2.22014,2.22014,2.01902,2.19391,0,0
MEX,PB,D,20171113,000000,2.19391,2.19391,2.19391,2.19391,0,0
MEX,PB,D,20171114,000000,2.19391,2.19391,2.19391,2.19391,0,0
MEX,PB,D,20171115,000000,2.19391,2.19391,2.11524,2.19391,0,0
MEX,PB,D,20171116,000000,2.19391,2.19391,2.19391,2.19391,0,0
MEX,PB,D,20171117,000000,2.14137,2.19391,2.14137,2.18514,0,0
MEX,PB,D,20171120,000000,2.34248,2.34248,2.00157,2.00157,0,0
MEX,PB,D,20171121,000000,2.14137,2.14137,2.13269,2.13269,0,0
MEX,PB,D,20171122,000000,2.10647,2.13269,2.03657,2.10647,0,0
MEX,PB,D,20171123,000000,2.09779,2.09779,2.09779,2.09779,0,0
MEX,PB,D,20171124,000000,2.12392,2.12392,2.12392,2.12392,0,0
MEX,PB,D,20171127,000000,2.10647,2.10647,1.98412,2.06279,0,0
MEX,PB,D,20171128,000000,2.06279,2.06279,1.93168,1.98412,0,0
MEX,PB,D,20171129,000000,1.97535,1.97535,1.96667,1.96667,0,0
MEX,PB,D,20171130,000000,1.98412,1.98412,1.93168,1.98412,0,0
MEX,PB,D,20171201,000000,1.9579,1.9579,1.87923,1.9579,0,0
MEX,PB,D,20171204,000000,1.93168,1.98412,1.9229,1.9579,0,0
MEX,PB,D,20171205,000000,1.9579,1.9579,1.9579,1.9579,0,0
MEX,PB,D,20171206,000000,1.9579,1.9579,1.90545,1.90545,0,0
MEX,PB,D,20171207,000000,1.98412,1.98412,1.88791,1.97535,0,0
MEX,PB,D,20171208,000000,1.97535,1.97535,1.88791,1.88791,0,0
MEX,PB,D,20171211,000000,1.98412,1.98412,1.88791,1.88791,0,0
MEX,PB,D,20171212,000000,1.9579,1.9579,1.88791,1.88791,0,0
MEX,PB,D,20171213,000000,1.93168,1.93168,1.9229,1.9229,0,0
MEX,PB,D,20171214,000000,1.93168,1.93168,1.93168,1.93168,0,0
MEX,PB,D,20171215,000000,1.93168,1.93168,1.88791,1.88791,0,0
MEX,PB,D,20171218,000000,1.91423,1.91423,1.88791,1.91423,0,0
MEX,PB,D,20171219,000000,1.91423,1.91423,1.84433,1.91423,0,0
MEX,PB,D,20171220,000000,1.84433,1.84433,1.84433,1.84433,0,0
MEX,PB,D,20171221,000000,1.84433,1.88791,1.73066,1.78311,0,0
MEX,PB,D,20171222,000000,1.78311,1.87046,1.76566,1.82678,0,0
MEX,PB,D,20171227,000000,1.79178,1.79178,1.76566,1.78311,0,0
MEX,PB,D,20171228,000000,1.77433,1.88791,1.77433,1.80923,0,0
MEX,PB,D,20171229,000000,1.87046,1.98412,1.87046,1.87046,0,0
MEX,PB,D,20180103,000000,1.88791,2.01035,1.88791,1.94035,0,0
MEX,PB,D,20180104,000000,2.05402,2.23759,2.05402,2.08024,0,0
MEX,PB,D,20180105,000000,2.08902,2.22014,2.08024,2.18514,0,0
MEX,PB,D,20180108,000000,2.21136,2.21136,2.19391,2.21136,0,0
MEX,PB,D,20180109,000000,2.21136,2.24636,2.20259,2.22891,0,0
MEX,PB,D,20180110,000000,2.24636,2.29881,2.24636,2.29881,0,0
MEX,PB,D,20180111,000000,2.29881,2.31626,2.29881,2.31626,0,0
MEX,PB,D,20180112,000000,2.31626,2.41247,2.31626,2.41247,0,0
MEX,PB,D,20180115,000000,2.4736,2.49105,2.4386,2.4386,0,0
MEX,PB,D,20180116,000000,2.46482,2.46482,2.46482,2.46482,0,0
MEX,PB,D,20180117,000000,2.46482,2.46482,2.46482,2.46482,0,0
MEX,PB,D,20180118,000000,2.46482,2.4736,2.46482,2.4736,0,0
MEX,PB,D,20180119,000000,2.42115,2.46482,2.4036,2.4036,0,0
MEX,PB,D,20180122,000000,2.31626,2.49105,2.31626,2.45605,0,0
MEX,PB,D,20180123,000000,2.4736,2.4736,2.29881,2.29881,0,0
MEX,PB,D,20180124,000000,2.42115,2.42115,2.29881,2.29881,0,0
MEX,PB,D,20180125,000000,2.42115,2.42115,2.39493,2.39493,0,0
MEX,PB,D,20180126,000000,2.41247,2.41247,2.41247,2.41247,0,0
MEX,PB,D,20180129,000000,2.3687,2.3687,2.3687,2.3687,0,0
MEX,PB,D,20180130,000000,2.39493,2.39493,2.35993,2.35993,0,0
MEX,PB,D,20180131,000000,2.39493,2.39493,2.35993,2.35993,0,0
MEX,PB,D,20180201,000000,2.21136,2.33371,2.18514,2.33371,0,0
MEX,PB,D,20180202,000000,2.24636,2.35993,2.20259,2.23759,0,0
MEX,PB,D,20180205,000000,2.35993,2.35993,2.12392,2.12392,0,0
MEX,PB,D,20180206,000000,2.13269,2.13269,2.11524,2.13269,0,0
MEX,PB,D,20180207,000000,2.23759,2.23759,2.13269,2.23759,0,0
MEX,PB,D,20180208,000000,2.24636,2.24636,2.24636,2.24636,0,0
MEX,PB,D,20180209,000000,2.24636,2.24636,2.24636,2.24636,0,0
MEX,PB,D,20180212,000000,2.24636,2.24636,2.24636,2.24636,0,0
MEX,PB,D,20180213,000000,2.24636,2.24636,2.23759,2.23759,0,0
MEX,PB,D,20180214,000000,2.22891,2.22891,2.07147,2.22014,0,0
MEX,PB,D,20180215,000000,2.20259,2.20259,2.05402,2.18514,0,0
MEX,PB,D,20180216,000000,2.18514,2.18514,2.09779,2.17637,0,0
MEX,PB,D,20180219,000000,2.17637,2.17637,2.17637,2.17637,0,0
MEX,PB,D,20180220,000000,2.15891,2.15891,2.02789,2.15024,0,0
MEX,PB,D,20180221,000000,2.08902,2.16769,2.08902,2.15024,0,0
MEX,PB,D,20180222,000000,2.15024,2.15024,2.15024,2.15024,0,0
MEX,PB,D,20180223,000000,2.15024,2.15024,2.13269,2.13269,0,0
MEX,PB,D,20180226,000000,2.13269,2.13269,2.01902,2.13269,0,0
MEX,PB,D,20180227,000000,2.10647,2.20259,2.10647,2.20259,0,0
MEX,PB,D,20180228,000000,2.20259,2.20259,2.20259,2.20259,0,0
MEX,PB,D,20180301,000000,2.20259,2.20259,2.20259,2.20259,0,0
MEX,PB,D,20180302,000000,2.14137,2.20259,2.14137,2.20259,0,0
MEX,PB,D,20180305,000000,2.11524,2.11524,2.10647,2.10647,0,0
MEX,PB,D,20180306,000000,2.10647,2.19391,2.07147,2.18514,0,0
MEX,PB,D,20180307,000000,2.18514,2.18514,2.18514,2.18514,0,0
MEX,PB,D,20180308,000000,2.18514,2.18514,2.18514,2.18514,0,0
MEX,PB,D,20180309,000000,2.17637,2.17637,2.17637,2.17637,0,0
MEX,PB,D,20180312,000000,2.17637,2.17637,2.17637,2.17637,0,0
MEX,PB,D,20180313,000000,2.17637,2.17637,2.17637,2.17637,0,0
MEX,PB,D,20180314,000000,2.11524,2.11524,2.11524,2.11524,0,0
MEX,PB,D,20180315,000000,2.14137,2.17637,2.03657,2.17637,0,0
MEX,PB,D,20180316,000000,2.17637,2.17637,2.17637,2.17637,0,0
MEX,PB,D,20180319,000000,2.07147,2.17637,2.07147,2.17637,0,0
MEX,PB,D,20180320,000000,2.17637,2.17637,2.17637,2.17637,0,0
MEX,PB,D,20180321,000000,2.16769,2.16769,2.16769,2.16769,0,0
MEX,PB,D,20180322,000000,2.15891,2.15891,2.15891,2.15891,0,0
MEX,PB,D,20180323,000000,2.15891,2.15891,2.15891,2.15891,0,0
MEX,PB,D,20180326,000000,2.15891,2.16769,2.15891,2.16769,0,0
MEX,PB,D,20180327,000000,2.16769,2.19391,2.16769,2.19391,0,0
MEX,PB,D,20180328,000000,2.19391,2.20259,2.02789,2.02789,0,0
MEX,PB,D,20180329,000000,2.09779,2.10647,2.02789,2.10647,0,0
MEX,PB,D,20180403,000000,2.15024,2.29003,2.15024,2.23759,0,0
MEX,PB,D,20180404,000000,2.27249,2.27249,2.27249,2.27249,0,0
MEX,PB,D,20180405,000000,2.27249,2.29003,2.27249,2.29003,0,0
MEX,PB,D,20180406,000000,2.29003,2.29003,2.21136,2.26381,0,0
MEX,PB,D,20180409,000000,2.28136,2.28136,2.23759,2.27249,0,0
MEX,PB,D,20180410,000000,2.29003,2.29003,2.23759,2.23759,0,0
MEX,PB,D,20180411,000000,2.27249,2.27249,2.23759,2.27249,0,0
MEX,PB,D,20180412,000000,2.23759,2.27249,2.23759,2.27249,0,0
MEX,PB,D,20180413,000000,2.27249,2.27249,2.27249,2.27249,0,0
MEX,PB,D,20180416,000000,2.26381,2.26381,2.26381,2.26381,0,0
MEX,PB,D,20180417,000000,2.23759,2.26381,2.23759,2.26381,0,0
MEX,PB,D,20180418,000000,2.26381,2.26381,2.26381,2.26381,0,0
MEX,PB,D,20180419,000000,2.26381,2.26381,2.26381,2.26381,0,0
MEX,PB,D,20180420,000000,2.23759,2.25504,2.23759,2.24636,0,0
MEX,PB,D,20180423,000000,2.24636,2.24636,2.24636,2.24636,0,0
MEX,PB,D,20180424,000000,2.23759,2.23759,2.23759,2.23759,0,0
MEX,PB,D,20180425,000000,2.23759,2.23759,2.23759,2.23759,0,0
MEX,PB,D,20180426,000000,2.23759,2.23759,2.23759,2.23759,0,0
MEX,PB,D,20180427,000000,2.23759,2.23759,2.23759,2.23759,0,0
MEX,PB,D,20180430,000000,2.20259,2.20259,2.20259,2.20259,0,0
MEX,PB,D,20180502,000000,2.16769,2.16769,2.08024,2.14137,0,0
MEX,PB,D,20180504,000000,2.14137,2.14137,2.07147,2.07147,0,0
MEX,PB,D,20180507,000000,2.05402,2.05402,1.86178,1.90545,0,0
MEX,PB,D,20180508,000000,2.02789,2.02789,1.87046,1.90545,0,0
MEX,PB,D,20180509,000000,2.02789,2.02789,1.90545,1.9229,0,0
MEX,PB,D,20180510,000000,2.02789,2.02789,1.9229,1.94913,0,0
MEX,PB,D,20180511,000000,2.02789,2.02789,1.90545,1.9229,0,0
MEX,PB,D,20180514,000000,1.9229,1.9229,1.87923,1.89678,0,0
MEX,PB,D,20180515,000000,1.89678,1.89678,1.89678,1.89678,0,0
MEX,PB,D,20180516,000000,1.89678,1.89678,1.89678,1.89678,0,0
MEX,PB,D,20180517,000000,1.89678,1.89678,1.89678,1.89678,0,0
MEX,PB,D,20180518,000000,1.89678,1.89678,1.83555,1.86178,0,0
MEX,PB,D,20180522,000000,1.76566,1.76566,1.75679,1.75679,0,0
MEX,PB,D,20180523,000000,1.75679,1.83555,1.75679,1.80056,0,0
MEX,PB,D,20180524,000000,1.80923,1.83555,1.80056,1.83555,0,0
MEX,PB,D,20180525,000000,1.83555,1.83555,1.83555,1.83555,0,0
MEX,PB,D,20180528,000000,1.80923,1.83555,1.80923,1.83555,0,0
MEX,PB,D,20180529,000000,1.83555,1.91423,1.83555,1.91423,0,0
MEX,PB,D,20180530,000000,1.90545,1.98412,1.90545,1.96667,0,0
MEX,PB,D,20180601,000000,1.9579,1.9579,1.9579,1.9579,0,0
MEX,PB,D,20180604,000000,1.9579,1.9579,1.91423,1.91423,0,0
MEX,PB,D,20180605,000000,1.91423,1.91423,1.90545,1.91423,0,0
MEX,PB,D,20180606,000000,1.91423,1.9579,1.91423,1.9579,0,0
MEX,PB,D,20180607,000000,1.9579,1.9579,1.91423,1.9579,0,0
MEX,PB,D,20180608,000000,1.9579,1.9579,1.9579,1.9579,0,0
MEX,PB,D,20180611,000000,1.9579,1.9579,1.91423,1.9579,0,0
MEX,PB,D,20180612,000000,1.9579,1.9579,1.9579,1.9579,0,0
MEX,PB,D,20180613,000000,1.9579,1.9579,1.9579,1.9579,0,0
MEX,PB,D,20180614,000000,1.93168,1.93168,1.93168,1.93168,0,0
MEX,PB,D,20180615,000000,1.9229,1.9229,1.9229,1.9229,0,0
MEX,PB,D,20180618,000000,1.9229,1.9229,1.9229,1.9229,0,0
MEX,PB,D,20180619,000000,1.91423,1.91423,1.86178,1.86178,0,0
MEX,PB,D,20180620,000000,1.84433,1.84433,1.84433,1.84433,0,0
MEX,PB,D,20180621,000000,1.83555,1.83555,1.83555,1.83555,0,0
MEX,PB,D,20180622,000000,1.83555,1.83555,1.82678,1.82678,0,0
MEX,PB,D,20180625,000000,1.80923,1.82678,1.80923,1.82678,0,0
MEX,PB,D,20180626,000000,1.81801,1.81801,1.80923,1.80923,0,0
MEX,PB,D,20180627,000000,1.80923,1.80923,1.80923,1.80923,0,0
MEX,PB,D,20180628,000000,1.80923,1.80923,1.80923,1.80923,0,0
MEX,PB,D,20180629,000000,1.80923,1.80923,1.80923,1.80923,0,0
MEX,PB,D,20180702,000000,1.80923,1.80923,1.80923,1.80923,0,0
MEX,PB,D,20180703,000000,1.80923,1.80923,1.73066,1.73066,0,0
MEX,PB,D,20180704,000000,1.73066,1.76566,1.71321,1.76566,0,0
MEX,PB,D,20180705,000000,1.80017,1.80017,1.73654,1.73654,0,0
MEX,PB,D,20180706,000000,1.75476,1.80017,1.75476,1.80017,0,0
MEX,PB,D,20180709,000000,1.81839,1.88202,1.73654,1.88202,0,0
MEX,PB,D,20180710,000000,1.96388,1.96388,1.96388,1.96388,0,0
MEX,PB,D,20180711,000000,1.96388,1.96388,1.96388,1.96388,0,0
MEX,PB,D,20180712,000000,1.87296,1.96388,1.87296,1.96388,0,0
MEX,PB,D,20180713,000000,1.96388,1.96388,1.96388,1.96388,0,0
MEX,PB,D,20180716,000000,1.93659,1.93659,1.81839,1.81839,0,0
MEX,PB,D,20180717,000000,1.80923,1.81839,1.7456,1.81839,0,0
MEX,PB,D,20180718,000000,1.93659,1.93659,1.93659,1.93659,0,0
MEX,PB,D,20180719,000000,1.93659,1.93659,1.93659,1.93659,0,0
MEX,PB,D,20180720,000000,1.92743,1.92743,1.92743,1.92743,0,0
MEX,PB,D,20180723,000000,1.93659,1.93659,1.93659,1.93659,0,0
MEX,PB,D,20180724,000000,1.93659,1.93659,1.93659,1.93659,0,0
MEX,PB,D,20180725,000000,1.93659,1.93659,1.76383,1.93659,0,0
MEX,PB,D,20180726,000000,1.93659,1.93659,1.80017,1.93659,0,0
MEX,PB,D,20180727,000000,1.91837,1.93659,1.91837,1.91837,0,0
MEX,PB,D,20180730,000000,1.87296,1.87296,1.77289,1.79111,0,0
MEX,PB,D,20180731,000000,1.79111,1.79111,1.79111,1.79111,0,0
MEX,PB,D,20180801,000000,1.68197,1.68197,1.57293,1.60928,0,0
MEX,PB,D,20180802,000000,1.60012,1.60928,1.60012,1.60928,0,0
MEX,PB,D,20180803,000000,1.60012,1.62741,1.60012,1.62741,0,0
MEX,PB,D,20180806,000000,1.62741,1.62741,1.54565,1.54565,0,0
MEX,PB,D,20180807,000000,1.56377,1.62741,1.35466,1.40017,0,0
MEX,PB,D,20180808,000000,1.35466,1.35466,1.30925,1.35466,0,0
MEX,PB,D,20180809,000000,1.35466,1.35466,1.24562,1.2729,0,0
MEX,PB,D,20180810,000000,1.39101,1.39101,1.23646,1.24562,0,0
MEX,PB,D,20180813,000000,1.24562,1.24562,1.24562,1.24562,0,0
MEX,PB,D,20180814,000000,1.24562,1.24562,1.24562,1.24562,0,0
MEX,PB,D,20180816,000000,1.23646,1.23646,1.17283,1.18189,0,0
MEX,PB,D,20180817,000000,1.23646,1.23646,1.11826,1.13648,0,0
MEX,PB,D,20180820,000000,1.18189,1.30009,1.15471,1.15471,0,0
MEX,PB,D,20180821,000000,1.26375,1.26375,1.11826,1.11826,0,0
MEX,PB,D,20180822,000000,1.11826,1.11826,1.08192,1.10014,0,0
MEX,PB,D,20180823,000000,1.11826,1.11826,1.1092,1.1092,0,0
MEX,PB,D,20180824,000000,1.11826,1.21834,1.11826,1.21834,0,0
MEX,PB,D,20180827,000000,1.21834,1.33654,1.21834,1.32738,0,0
MEX,PB,D,20180828,000000,1.32738,1.32738,1.25468,1.30009,0,0
MEX,PB,D,20180829,000000,1.29103,1.29103,1.2729,1.2729,0,0
MEX,PB,D,20180830,000000,1.28197,1.28197,1.23646,1.28197,0,0
MEX,PB,D,20180831,000000,1.28197,1.28197,1.08192,1.17283,0,0
MEX,PB,D,20180903,000000,1.17283,1.20011,1.05463,1.20011,0,0
MEX,PB,D,20180904,000000,1.12742,1.20011,1.04557,1.16377,0,0
MEX,PB,D,20180905,000000,1.15471,1.15471,1.01829,1.01829,0,0
MEX,PB,D,20180906,000000,1.11826,1.11826,0.92737,0.963717,0,0
MEX,PB,D,20180907,000000,0.963717,1.06379,0.872802,1.03651,0,0
MEX,PB,D,20180910,000000,1.08192,1.17283,1.07285,1.17283,0,0
MEX,PB,D,20180911,000000,1.17283,1.17283,1.12742,1.16377,0,0
MEX,PB,D,20180912,000000,1.16377,1.16377,1.16377,1.16377,0,0
MEX,PB,D,20180913,000000,1.16377,1.16377,1.16377,1.16377,0,0
MEX,PB,D,20180914,000000,1.15471,1.15471,1.07285,1.14555,0,0
MEX,PB,D,20180917,000000,1.14555,1.14555,1.14555,1.14555,0,0
MEX,PB,D,20180918,000000,1.14555,1.14555,1.14555,1.14555,0,0
MEX,PB,D,20180919,000000,1.14555,1.20011,1.14555,1.20011,0,0
MEX,PB,D,20180920,000000,1.21834,1.3456,1.15471,1.3456,0,0
MEX,PB,D,20180921,000000,1.3456,1.39101,1.30925,1.39101,0,0
MEX,PB,D,20180924,000000,1.37288,1.37288,1.37288,1.37288,0,0
MEX,PB,D,20180925,000000,1.39101,1.39101,1.39101,1.39101,0,0
MEX,PB,D,20180926,000000,1.39101,1.39101,1.39101,1.39101,0,0
MEX,PB,D,20180927,000000,1.39101,1.39101,1.33654,1.38194,0,0
MEX,PB,D,20180928,000000,1.39101,1.39101,1.30925,1.30925,0,0
MEX,PB,D,20181001,000000,1.37288,1.37288,1.30925,1.3456,0,0
MEX,PB,D,20181002,000000,1.37288,1.37288,1.37288,1.37288,0,0
MEX,PB,D,20181003,000000,1.37288,1.40017,1.35466,1.40017,0,0
MEX,PB,D,20181004,000000,1.40923,1.50921,1.39101,1.50014,0,0
MEX,PB,D,20181005,000000,1.50014,1.50014,1.40017,1.50014,0,0
MEX,PB,D,20181008,000000,1.50014,1.50014,1.4638,1.4638,0,0
MEX,PB,D,20181009,000000,1.47286,1.47286,1.4638,1.4638,0,0
MEX,PB,D,20181010,000000,1.47286,1.47286,1.37288,1.4638,0,0
MEX,PB,D,20181011,000000,1.43651,1.43651,1.42745,1.42745,0,0
MEX,PB,D,20181012,000000,1.43651,1.43651,1.43651,1.43651,0,0
MEX,PB,D,20181015,000000,1.43651,1.43651,1.43651,1.43651,0,0
MEX,PB,D,20181016,000000,1.43651,1.43651,1.43651,1.43651,0,0
MEX,PB,D,20181017,000000,1.43651,1.43651,1.32738,1.32738,0,0
MEX,PB,D,20181018,000000,1.43651,1.43651,1.29103,1.29103,0,0
MEX,PB,D,20181019,000000,1.29103,1.29103,1.24562,1.24562,0,0
MEX,PB,D,20181022,000000,1.24562,1.28197,1.16377,1.28197,0,0
MEX,PB,D,20181023,000000,1.2729,1.28197,1.2729,1.28197,0,0
MEX,PB,D,20181024,000000,1.28197,1.28197,1.11826,1.15471,0,0
MEX,PB,D,20181025,000000,1.26375,1.26375,1.1092,1.24562,0,0
MEX,PB,D,20181026,000000,1.23646,1.23646,1.16377,1.23646,0,0
MEX,PB,D,20181029,000000,1.23646,1.23646,1.21834,1.21834,0,0
MEX,PB,D,20181030,000000,1.20918,1.32738,1.20918,1.32738,0,0
MEX,PB,D,20181031,000000,1.32738,1.60012,1.32738,1.60012,0,0
MEX,PB,D,20181102,000000,1.60012,1.60012,1.48202,1.60012,0,0
MEX,PB,D,20181105,000000,1.59106,1.59106,1.59106,1.59106,0,0
MEX,PB,D,20181106,000000,1.59106,1.59106,1.59106,1.59106,0,0
MEX,PB,D,20181107,000000,1.70019,1.70019,1.50014,1.50014,0,0
MEX,PB,D,20181108,000000,1.52743,1.52743,1.52743,1.52743,0,0
MEX,PB,D,20181109,000000,1.70019,1.70019,1.57293,1.57293,0,0
MEX,PB,D,20181113,000000,1.60928,1.60928,1.60928,1.60928,0,0
MEX,PB,D,20181114,000000,1.60928,1.60928,1.60928,1.60928,0,0
MEX,PB,D,20181115,000000,1.60928,1.70019,1.45473,1.54565,0,0
MEX,PB,D,20181116,000000,1.54565,1.54565,1.42745,1.42745,0,0
MEX,PB,D,20181119,000000,1.4638,1.4638,1.38194,1.4638,0,0
MEX,PB,D,20181120,000000,1.4638,1.4638,1.4638,1.4638,0,0
MEX,PB,D,20181121,000000,1.44558,1.54565,1.44558,1.54565,0,0
MEX,PB,D,20181122,000000,1.54565,1.54565,1.45473,1.53649,0,0
MEX,PB,D,20181123,000000,1.53649,1.53649,1.53649,1.53649,0,0
MEX,PB,D,20181126,000000,1.54565,1.54565,1.53649,1.54565,0,0
MEX,PB,D,20181127,000000,1.54565,1.54565,1.54565,1.54565,0,0
MEX,PB,D,20181128,000000,1.54565,1.54565,1.53649,1.53649,0,0
MEX,PB,D,20181129,000000,1.48202,1.48202,1.48202,1.48202,0,0
MEX,PB,D,20181130,000000,1.48202,1.48202,1.48202,1.48202,0,0
MEX,PB,D,20181204,000000,1.48202,1.48202,1.47286,1.47286,0,0
MEX,PB,D,20181205,000000,1.47286,1.47286,1.47286,1.47286,0,0
MEX,PB,D,20181206,000000,1.4638,1.4638,1.4638,1.4638,0,0
MEX,PB,D,20181207,000000,1.4638,1.4638,1.4638,1.4638,0,0
MEX,PB,D,20181210,000000,1.45473,1.45473,1.38194,1.45473,0,0
MEX,PB,D,20181211,000000,1.42745,1.42745,1.42745,1.42745,0,0
MEX,PB,D,20181212,000000,1.42745,1.42745,1.42745,1.42745,0,0
MEX,PB,D,20181213,000000,1.42745,1.42745,1.42745,1.42745,0,0
MEX,PB,D,20181214,000000,1.39101,1.39101,1.28197,1.38194,0,0
MEX,PB,D,20181217,000000,1.40923,1.40923,1.29103,1.40017,0,0
MEX,PB,D,20181218,000000,1.39101,1.39101,1.38194,1.38194,0,0
MEX,PB,D,20181219,000000,1.38194,1.38194,1.38194,1.38194,0,0
MEX,PB,D,20181220,000000,1.36382,1.36382,1.33654,1.36382,0,0
MEX,PB,D,20181221,000000,1.35466,1.35466,1.26375,1.3456,0,0
MEX,PB,D,20181227,000000,1.3456,1.4638,1.21834,1.4638,0,0
MEX,PB,D,20181228,000000,1.4638,1.52743,1.36382,1.52743,0,0
MEX,PB,D,20190102,000000,1.52743,1.54565,1.50921,1.54565,0,0
MEX,PB,D,20190103,000000,1.54565,1.54565,1.39101,1.54565,0,0
MEX,PB,D,20190104,000000,1.50014,1.50014,1.50014,1.50014,0,0
MEX,PB,D,20190107,000000,1.52743,1.52743,1.37288,1.49108,0,0
MEX,PB,D,20190108,000000,1.49108,1.49108,1.49108,1.49108,0,0
MEX,PB,D,20190109,000000,1.49108,1.49108,1.49108,1.49108,0,0
MEX,PB,D,20190110,000000,1.48202,1.48202,1.47286,1.47286,0,0
MEX,PB,D,20190111,000000,1.47286,1.47286,1.47286,1.47286,0,0
MEX,PB,D,20190114,000000,1.48202,1.48202,1.38194,1.48202,0,0
MEX,PB,D,20190115,000000,1.48202,1.48202,1.48202,1.48202,0,0
MEX,PB,D,20190116,000000,1.48202,1.48202,1.48202,1.48202,0,0
MEX,PB,D,20190117,000000,1.48202,1.48202,1.37288,1.42745,0,0
MEX,PB,D,20190118,000000,1.42745,1.42745,1.42745,1.42745,0,0
MEX,PB,D,20190121,000000,1.40923,1.47286,1.37288,1.47286,0,0
MEX,PB,D,20190122,000000,1.4638,1.47286,1.37288,1.4638,0,0
MEX,PB,D,20190123,000000,1.45473,1.4638,1.36382,1.45473,0,0
MEX,PB,D,20190124,000000,1.47286,1.47286,1.47286,1.47286,0,0
MEX,PB,D,20190125,000000,1.45473,1.45473,1.45473,1.45473,0,0
MEX,PB,D,20190128,000000,1.4638,1.4638,1.35466,1.4638,0,0
MEX,PB,D,20190129,000000,1.45473,1.45473,1.29103,1.40923,0,0
MEX,PB,D,20190130,000000,1.40923,1.40923,1.30925,1.40923,0,0
MEX,PB,D,20190131,000000,1.40923,1.45473,1.30925,1.44558,0,0
MEX,PB,D,20190201,000000,1.44558,1.44558,1.42745,1.42745,0,0
MEX,PB,D,20190204,000000,1.42745,1.42745,1.42745,1.42745,0,0
MEX,PB,D,20190205,000000,1.43651,1.43651,1.43651,1.43651,0,0
MEX,PB,D,20190206,000000,1.42745,1.42745,1.42745,1.42745,0,0
MEX,PB,D,20190207,000000,1.41829,1.41829,1.41829,1.41829,0,0
MEX,PB,D,20190208,000000,1.41829,1.41829,1.41829,1.41829,0,0
MEX,PB,D,20190211,000000,1.41829,1.41829,1.41829,1.41829,0,0
MEX,PB,D,20190212,000000,1.41829,1.41829,1.2274,1.39101,0,0
MEX,PB,D,20190213,000000,1.39101,1.39101,1.39101,1.39101,0,0
MEX,PB,D,20190214,000000,1.38194,1.38194,1.24562,1.36382,0,0
MEX,PB,D,20190215,000000,1.24562,1.3456,1.24562,1.30009,0,0
MEX,PB,D,20190218,000000,1.32738,1.32738,1.30925,1.30925,0,0
MEX,PB,D,20190219,000000,1.30925,1.30925,1.30925,1.30925,0,0
MEX,PB,D,20190220,000000,1.30009,1.30009,1.29103,1.30009,0,0
MEX,PB,D,20190221,000000,1.30925,1.30925,1.29103,1.30925,0,0
MEX,PB,D,20190222,000000,1.30925,1.30925,1.30925,1.30925,0,0
MEX,PB,D,20190225,000000,1.30925,1.30925,1.30925,1.30925,0,0
MEX,PB,D,20190226,000000,1.30009,1.30009,1.30009,1.30009,0,0
MEX,PB,D,20190227,000000,1.30009,1.30009,1.30009,1.30009,0,0
MEX,PB,D,20190228,000000,1.30009,1.30009,1.30009,1.30009,0,0
MEX,PB,D,20190301,000000,1.29103,1.29103,1.28197,1.28197,0,0
MEX,PB,D,20190304,000000,1.28197,1.28197,1.28197,1.28197,0,0
MEX,PB,D,20190305,000000,1.28197,1.28197,1.28197,1.28197,0,0
MEX,PB,D,20190306,000000,1.2729,1.2729,1.2729,1.2729,0,0
MEX,PB,D,20190307,000000,1.2729,1.2729,1.2729,1.2729,0,0
MEX,PB,D,20190308,000000,1.2729,1.2729,1.2729,1.2729,0,0
MEX,PB,D,20190311,000000,1.2729,1.40017,1.2729,1.37288,0,0
MEX,PB,D,20190312,000000,1.39101,1.39101,1.39101,1.39101,0,0
MEX,PB,D,20190313,000000,1.37288,1.40017,1.32738,1.40017,0,0
MEX,PB,D,20190314,000000,1.40017,1.40017,1.30009,1.40017,0,0
MEX,PB,D,20190315,000000,1.40017,1.50921,1.3456,1.4638,0,0
MEX,PB,D,20190318,000000,1.40923,1.50921,1.39101,1.50921,0,0
MEX,PB,D,20190319,000000,1.50921,1.50921,1.50921,1.50921,0,0
MEX,PB,D,20190320,000000,1.50921,1.50921,1.44558,1.50014,0,0
MEX,PB,D,20190321,000000,1.4638,1.56377,1.45473,1.52743,0,0
MEX,PB,D,20190322,000000,1.52743,1.52743,1.52743,1.52743,0,0
MEX,PB,D,20190325,000000,1.54565,1.54565,1.54565,1.54565,0,0
MEX,PB,D,20190326,000000,1.56377,1.56377,1.56377,1.56377,0,0
MEX,PB,D,20190327,000000,1.50014,1.54565,1.45473,1.54565,0,0
MEX,PB,D,20190328,000000,1.56377,1.56377,1.56377,1.56377,0,0
MEX,PB,D,20190329,000000,1.56377,1.56377,1.56377,1.56377,0,0
MEX,PB,D,20190401,000000,1.50921,1.63656,1.50921,1.63656,0,0
MEX,PB,D,20190402,000000,1.63656,1.63656,1.53649,1.63656,0,0
MEX,PB,D,20190403,000000,1.62741,1.62741,1.53649,1.62741,0,0
MEX,PB,D,20190404,000000,1.54565,1.54565,1.51837,1.54565,0,0
MEX,PB,D,20190405,000000,1.61834,1.61834,1.49108,1.49108,0,0
MEX,PB,D,20190408,000000,1.49108,1.49108,1.47286,1.47286,0,0
MEX,PB,D,20190409,000000,1.60012,1.60012,1.43651,1.59106,0,0
MEX,PB,D,20190410,000000,1.59106,1.59106,1.59106,1.59106,0,0
MEX,PB,D,20190411,000000,1.59106,1.62741,1.49108,1.62741,0,0
MEX,PB,D,20190412,000000,1.62741,1.62741,1.48202,1.62741,0,0
MEX,PB,D,20190415,000000,1.64563,1.68197,1.55471,1.582,0,0
MEX,PB,D,20190416,000000,1.582,1.65469,1.49108,1.65469,0,0
MEX,PB,D,20190417,000000,1.65469,1.68197,1.60012,1.68197,0,0
MEX,PB,D,20190418,000000,1.67291,1.67291,1.61834,1.65469,0,0
MEX,PB,D,20190423,000000,1.67291,1.67291,1.50921,1.63656,0,0
MEX,PB,D,20190424,000000,1.59106,1.60012,1.50921,1.59106,0,0
MEX,PB,D,20190425,000000,1.59106,1.59106,1.4638,1.582,0,0
MEX,PB,D,20190426,000000,1.56377,1.56377,1.56377,1.56377,0,0
MEX,PB,D,20190429,000000,1.47286,1.59106,1.45473,1.59106,0,0
MEX,PB,D,20190430,000000,1.582,1.582,1.45473,1.51837,0,0
MEX,PB,D,20190502,000000,1.51837,1.53649,1.4638,1.53649,0,0
MEX,PB,D,20190506,000000,1.52743,1.52743,1.4638,1.52743,0,0
MEX,PB,D,20190507,000000,1.57293,1.57293,1.47286,1.51837,0,0
MEX,PB,D,20190508,000000,1.49108,1.49108,1.41829,1.45473,0,0
MEX,PB,D,20190509,000000,1.45473,1.48202,1.45473,1.48202,0,0
MEX,PB,D,20190510,000000,1.48202,1.48202,1.48202,1.48202,0,0
MEX,PB,D,20190513,000000,1.40017,1.40017,1.40017,1.40017,0,0
MEX,PB,D,20190514,000000,1.39101,1.39101,1.35466,1.38194,0,0
MEX,PB,D,20190515,000000,1.38194,1.49108,1.37288,1.49108,0,0
MEX,PB,D,20190516,000000,1.49108,1.49108,1.35466,1.45473,0,0
MEX,PB,D,20190517,000000,1.44558,1.4638,1.40017,1.45473,0,0
MEX,PB,D,20190520,000000,1.45473,1.45473,1.40923,1.44558,0,0
MEX,PB,D,20190521,000000,1.44558,1.44558,1.44558,1.44558,0,0
MEX,PB,D,20190522,000000,1.44558,1.45473,1.40017,1.40017,0,0
MEX,PB,D,20190523,000000,1.40923,1.40923,1.39101,1.40923,0,0
MEX,PB,D,20190524,000000,1.40923,1.40923,1.3456,1.40923,0,0
MEX,PB,D,20190527,000000,1.40017,1.40923,1.40017,1.40923,0,0
MEX,PB,D,20190528,000000,1.40923,1.40923,1.35466,1.35466,0,0
MEX,PB,D,20190529,000000,1.40923,1.40923,1.40923,1.40923,0,0
MEX,PB,D,20190530,000000,1.40923,1.40923,1.40923,1.40923,0,0
MEX,PB,D,20190531,000000,1.40923,1.40923,1.36382,1.36382,0,0
MEX,PB,D,20190603,000000,1.39101,1.39101,1.36382,1.36382,0,0
MEX,PB,D,20190604,000000,1.39101,1.39101,1.39101,1.39101,0,0
MEX,PB,D,20190605,000000,1.39101,1.39101,1.38194,1.39101,0,0
MEX,PB,D,20190606,000000,1.38194,1.38194,1.38194,1.38194,0,0
MEX,PB,D,20190607,000000,1.38194,1.38194,1.38194,1.38194,0,0
MEX,PB,D,20190610,000000,1.38194,1.39101,1.3456,1.39101,0,0
MEX,PB,D,20190611,000000,1.3456,1.40923,1.3456,1.40923,0,0
MEX,PB,D,20190612,000000,1.40923,1.40923,1.40923,1.40923,0,0
MEX,PB,D,20190613,000000,1.39101,1.39101,1.39101,1.39101,0,0
MEX,PB,D,20190614,000000,1.39101,1.39101,1.39101,1.39101,0,0
MEX,PB,D,20190617,000000,1.39101,1.39101,1.39101,1.39101,0,0
MEX,PB,D,20190618,000000,1.39101,1.39101,1.37288,1.37288,0,0
MEX,PB,D,20190619,000000,1.37288,1.37288,1.35466,1.36382,0,0
MEX,PB,D,20190621,000000,1.36382,1.36382,1.36382,1.36382,0,0
MEX,PB,D,20190624,000000,1.36382,1.49108,1.35466,1.49108,0,0
MEX,PB,D,20190625,000000,1.47286,1.47286,1.39101,1.47286,0,0
MEX,PB,D,20190626,000000,1.47286,1.49108,1.47286,1.48202,0,0
MEX,PB,D,20190627,000000,1.48202,1.48202,1.48202,1.48202,0,0
MEX,PB,D,20190628,000000,1.48202,1.48202,1.48202,1.48202,0,0
MEX,PB,D,20190701,000000,1.48202,1.48202,1.48202,1.48202,0,0
MEX,PB,D,20190702,000000,1.48202,1.48202,1.44558,1.48202,0,0
MEX,PB,D,20190703,000000,1.48202,1.48202,1.48202,1.48202,0,0
MEX,PB,D,20190704,000000,1.48202,1.48202,1.41829,1.47286,0,0
MEX,PB,D,20190705,000000,1.4638,1.4638,1.42745,1.4638,0,0
MEX,PB,D,20190708,000000,1.45473,1.48202,1.45473,1.48202,0,0
MEX,PB,D,20190709,000000,1.48202,1.48202,1.48202,1.48202,0,0
MEX,PB,D,20190710,000000,1.48202,1.48202,1.48202,1.48202,0,0
MEX,PB,D,20190711,000000,1.48202,1.48202,1.48202,1.48202,0,0
MEX,PB,D,20190712,000000,1.48202,1.48202,1.48202,1.48202,0,0
MEX,PB,D,20190715,000000,1.48202,1.48202,1.41829,1.47286,0,0
MEX,PB,D,20190716,000000,1.41829,1.41829,1.41829,1.41829,0,0
MEX,PB,D,20190717,000000,1.4638,1.4638,1.41829,1.41829,0,0
MEX,PB,D,20190719,000000,1.41829,1.41829,1.38194,1.38194,0,0
MEX,PB,D,20190722,000000,1.45473,1.45473,1.37288,1.45473,0,0
MEX,PB,D,20190723,000000,1.45473,1.45473,1.45473,1.45473,0,0
MEX,PB,D,20190724,000000,1.38194,1.38194,1.38194,1.38194,0,0
MEX,PB,D,20190725,000000,1.44558,1.44558,1.3456,1.3456,0,0
MEX,PB,D,20190726,000000,1.3456,1.37288,1.3456,1.37288,0,0
MEX,PB,D,20190729,000000,1.37288,1.37288,1.3456,1.36382,0,0
MEX,PB,D,20190730,000000,1.36382,1.36382,1.36382,1.36382,0,0
MEX,PB,D,20190731,000000,1.36382,1.36382,1.3456,1.3456,0,0
MEX,PB,D,20190801,000000,1.3456,1.3456,1.3456,1.3456,0,0
MEX,PB,D,20190802,000000,1.33654,1.37288,1.33654,1.37288,0,0
MEX,PB,D,20190805,000000,1.37288,1.37288,1.37288,1.37288,0,0
MEX,PB,D,20190806,000000,1.36382,1.36382,1.28197,1.35466,0,0
MEX,PB,D,20190807,000000,1.36382,1.36382,1.36382,1.36382,0,0
MEX,PB,D,20190808,000000,1.36382,1.36382,1.36382,1.36382,0,0
MEX,PB,D,20190809,000000,1.36382,1.36382,1.2729,1.35466,0,0
MEX,PB,D,20190812,000000,1.35466,1.36382,1.26375,1.36382,0,0
MEX,PB,D,20190813,000000,1.36382,1.36382,1.36382,1.36382,0,0
MEX,PB,D,20190814,000000,1.3456,1.3456,1.3456,1.3456,0,0
MEX,PB,D,20190816,000000,1.29103,1.40923,1.25468,1.40923,0,0
MEX,PB,D,20190819,000000,1.39101,1.39101,1.29103,1.39101,0,0
MEX,PB,D,20190820,000000,1.39101,1.39101,1.24562,1.37288,0,0
MEX,PB,D,20190821,000000,1.32738,1.3456,1.21834,1.3456,0,0
MEX,PB,D,20190822,000000,1.2274,1.2274,1.13648,1.21834,0,0
MEX,PB,D,20190823,000000,1.17283,1.19105,1.13648,1.19105,0,0
MEX,PB,D,20190826,000000,1.13648,1.19105,1.13648,1.17283,0,0
MEX,PB,D,20190827,000000,1.16377,1.16377,1.15471,1.16377,0,0
MEX,PB,D,20190828,000000,1.16377,1.2274,1.16377,1.16377,0,0
MEX,PB,D,20190829,000000,1.16377,1.20918,1.12742,1.19105,0,0
MEX,PB,D,20190830,000000,1.19105,1.30009,1.15471,1.30009,0,0
MEX,PB,D,20190902,000000,1.29103,1.29103,1.19105,1.19105,0,0
MEX,PB,D,20190903,000000,1.25468,1.25468,1.21834,1.21834,0,0
MEX,PB,D,20190904,000000,1.25468,1.25468,1.19105,1.23646,0,0
MEX,PB,D,20190905,000000,1.20011,1.2274,1.20011,1.21834,0,0
MEX,PB,D,20190906,000000,1.2274,1.2274,1.20011,1.2274,0,0
MEX,PB,D,20190909,000000,1.2274,1.2274,1.18189,1.20011,0,0
MEX,PB,D,20190910,000000,1.2274,1.2274,1.2274,1.2274,0,0
MEX,PB,D,20190911,000000,1.2274,1.23646,1.19105,1.20918,0,0
MEX,PB,D,20190912,000000,1.20918,1.21834,1.19105,1.21834,0,0
MEX,PB,D,20190913,000000,1.21834,1.21834,1.19105,1.21834,0,0
MEX,PB,D,20190916,000000,1.128,1.24369,1.128,1.24369,0,0
MEX,PB,D,20190917,000000,1.21477,1.24369,1.19549,1.24369,0,0
MEX,PB,D,20190918,000000,1.21477,1.23405,1.21477,1.22441,0,0
MEX,PB,D,20190919,000000,1.20513,1.22441,1.18585,1.22441,0,0
MEX,PB,D,20190920,000000,1.21477,1.21477,1.15692,1.20513,0,0
MEX,PB,D,20190923,000000,1.22441,1.22441,1.18585,1.20513,0,0
MEX,PB,D,20190924,000000,1.19549,1.22441,1.19549,1.22441,0,0
MEX,PB,D,20190925,000000,1.19549,1.19549,1.19549,1.19549,0,0
MEX,PB,D,20190926,000000,1.21477,1.62933,1.18585,1.62933,0,0
MEX,PB,D,20190927,000000,1.62933,1.68718,1.62933,1.68718,0,0
MEX,PB,D,20190930,000000,1.68718,1.68718,1.68718,1.68718,0,0
MEX,PB,D,20191001,000000,1.68718,1.68718,1.62933,1.62933,0,0
MEX,PB,D,20191002,000000,1.65826,1.65826,1.57149,1.61969,0,0
MEX,PB,D,20191003,000000,1.62933,1.75467,1.57149,1.65826,0,0
MEX,PB,D,20191004,000000,1.72574,1.72574,1.65826,1.68718,0,0
MEX,PB,D,20191007,000000,1.75467,1.75467,1.68718,1.75467,0,0
MEX,PB,D,20191008,000000,1.74503,1.75467,1.74503,1.75467,0,0
MEX,PB,D,20191009,000000,1.73538,1.75467,1.69682,1.75467,0,0
MEX,PB,D,20191010,000000,1.72574,1.73538,1.70646,1.73538,0,0
MEX,PB,D,20191011,000000,1.70646,1.70646,1.70646,1.70646,0,0
MEX,PB,D,20191015,000000,1.68718,1.70646,1.6679,1.68718,0,0
MEX,PB,D,20191016,000000,1.70646,1.70646,1.6679,1.6679,0,0
MEX,PB,D,20191017,000000,1.65826,1.6679,1.63897,1.6679,0,0
MEX,PB,D,20191018,000000,1.6679,1.6679,1.6679,1.6679,0,0
MEX,PB,D,20191021,000000,1.67754,1.73538,1.62933,1.70646,0,0
MEX,PB,D,20191022,000000,1.68718,1.68718,1.62933,1.62933,0,0
MEX,PB,D,20191023,000000,1.63897,1.65826,1.57149,1.61005,0,0
MEX,PB,D,20191024,000000,1.61005,1.61005,1.46544,1.57149,0,0
MEX,PB,D,20191025,000000,1.59077,1.59077,1.54256,1.54256,0,0
MEX,PB,D,20191028,000000,1.53292,1.54256,1.53292,1.54256,0,0
MEX,PB,D,20191029,000000,1.56185,1.56185,1.53292,1.54256,0,0
MEX,PB,D,20191030,000000,1.53292,1.54256,1.53292,1.53292,0,0
MEX,PB,D,20191031,000000,1.56185,1.56185,1.504,1.55221,0,0
MEX,PB,D,20191104,000000,1.55221,1.55221,1.52328,1.54256,0,0
MEX,PB,D,20191105,000000,1.55221,1.55221,1.49436,1.53292,0,0
MEX,PB,D,20191106,000000,1.53292,1.53292,1.504,1.504,0,0
MEX,PB,D,20191107,000000,1.53292,1.53292,1.47508,1.49436,0,0
MEX,PB,D,20191108,000000,1.53292,1.53292,1.43651,1.43651,0,0
MEX,PB,D,20191112,000000,1.47508,1.47508,1.45579,1.46544,0,0
MEX,PB,D,20191113,000000,1.46544,1.46544,1.35938,1.42687,0,0
MEX,PB,D,20191114,000000,1.42687,1.43651,1.40759,1.40759,0,0
MEX,PB,D,20191115,000000,1.39795,1.47508,1.34974,1.45579,0,0
MEX,PB,D,20191118,000000,1.49436,1.56185,1.46544,1.52328,0,0
MEX,PB,D,20191119,000000,1.52328,1.53292,1.47508,1.52328,0,0
MEX,PB,D,20191120,000000,1.49436,1.52328,1.48472,1.48472,0,0
MEX,PB,D,20191121,000000,1.49436,1.49436,1.46544,1.48472,0,0
MEX,PB,D,20191122,000000,1.48472,1.48472,1.31118,1.31118,0,0
MEX,PB,D,20191125,000000,1.27262,1.31118,1.27262,1.31118,0,0
MEX,PB,D,20191126,000000,1.31118,1.31118,1.28226,1.31118,0,0
MEX,PB,D,20191127,000000,1.31118,1.31118,1.31118,1.31118,0,0
MEX,PB,D,20191128,000000,1.31118,1.31118,1.23405,1.23405,0,0
MEX,PB,D,20191129,000000,1.27262,1.32082,1.27262,1.32082,0,0
MEX,PB,D,20191202,000000,1.32082,1.32082,1.27262,1.31118,0,0
MEX,PB,D,20191203,000000,1.27262,1.31118,1.26297,1.30154,0,0
MEX,PB,D,20191204,000000,1.30154,1.30154,1.30154,1.30154,0,0
MEX,PB,D,20191205,000000,1.30154,1.30154,1.23405,1.26297,0,0
MEX,PB,D,20191206,000000,1.2919,1.2919,1.26297,1.2919,0,0
MEX,PB,D,20191209,000000,1.2919,1.2919,1.27262,1.2919,0,0
MEX,PB,D,20191210,000000,1.2919,1.40759,1.2919,1.37867,0,0
MEX,PB,D,20191211,000000,1.37867,1.39795,1.32082,1.38831,0,0
MEX,PB,D,20191212,000000,1.38831,1.40759,1.38831,1.40759,0,0
MEX,PB,D,20191213,000000,1.40759,1.40759,1.39795,1.40759,0,0
MEX,PB,D,20191216,000000,1.40759,1.47508,1.40759,1.46544,0,0
MEX,PB,D,20191217,000000,1.47508,1.59077,1.47508,1.59077,0,0
MEX,PB,D,20191218,000000,1.60041,1.61005,1.58113,1.58113,0,0
MEX,PB,D,20191219,000000,1.55221,1.60041,1.53292,1.60041,0,0
MEX,PB,D,20191220,000000,1.60041,1.60041,1.57149,1.59077,0,0
MEX,PB,D,20191223,000000,1.58113,1.58113,1.504,1.53292,0,0
MEX,PB,D,20191227,000000,1.53292,1.53292,1.53292,1.53292,0,0
MEX,PB,D,20191230,000000,1.48472,1.53292,1.48472,1.504,0,0
MEX,PB,D,20200102,000000,1.53292,1.53292,1.53292,1.53292,0,0
MEX,PB,D,20200103,000000,1.49436,1.53292,1.48472,1.49436,0,0
MEX,PB,D,20200107,000000,1.49436,1.58113,1.48472,1.54256,0,0
MEX,PB,D,20200108,000000,1.54256,1.54256,1.51364,1.53292,0,0
MEX,PB,D,20200109,000000,1.54256,1.54256,1.504,1.53292,0,0
MEX,PB,D,20200110,000000,1.53292,1.53292,1.51364,1.51364,0,0
MEX,PB,D,20200113,000000,1.51364,1.54256,1.504,1.54256,0,0
MEX,PB,D,20200114,000000,1.58113,1.61969,1.55221,1.60041,0,0
MEX,PB,D,20200115,000000,1.60041,1.68718,1.60041,1.68718,0,0
MEX,PB,D,20200116,000000,1.68718,1.72574,1.60041,1.68718,0,0
MEX,PB,D,20200117,000000,1.65826,1.65826,1.58113,1.64862,0,0
MEX,PB,D,20200120,000000,1.64862,1.64862,1.58113,1.63897,0,0
MEX,PB,D,20200121,000000,1.63897,1.63897,1.54256,1.56185,0,0
MEX,PB,D,20200122,000000,1.59077,1.59077,1.55221,1.57149,0,0
MEX,PB,D,20200123,000000,1.58113,1.58113,1.42687,1.46544,0,0
MEX,PB,D,20200124,000000,1.49436,1.56185,1.47508,1.54256,0,0
MEX,PB,D,20200127,000000,1.56185,1.56185,1.42687,1.42687,0,0
MEX,PB,D,20200128,000000,1.56185,1.56185,1.48472,1.49436,0,0
MEX,PB,D,20200129,000000,1.49436,1.49436,1.44615,1.49436,0,0
MEX,PB,D,20200130,000000,1.49436,1.49436,1.45579,1.49436,0,0
MEX,PB,D,20200131,000000,1.49436,1.55221,1.47508,1.55221,0,0
MEX,PB,D,20200203,000000,1.55221,1.55221,1.47508,1.55221,0,0
MEX,PB,D,20200204,000000,1.55221,1.55221,1.47508,1.51364,0,0
MEX,PB,D,20200205,000000,1.55221,1.55221,1.47508,1.51364,0,0
MEX,PB,D,20200206,000000,1.55221,1.55221,1.54256,1.54256,0,0
MEX,PB,D,20200207,000000,1.54256,1.54256,1.49436,1.51364,0,0
MEX,PB,D,20200210,000000,1.53292,1.53292,1.48472,1.51364,0,0
MEX,PB,D,20200211,000000,1.53292,1.53292,1.47508,1.49436,0,0
MEX,PB,D,20200212,000000,1.51364,1.51364,1.51364,1.51364,0,0
MEX,PB,D,20200213,000000,1.49436,1.49436,1.46544,1.49436,0,0
MEX,PB,D,20200214,000000,1.49436,1.49436,1.46544,1.49436,0,0
MEX,PB,D,20200217,000000,1.49436,1.49436,1.48472,1.48472,0,0
MEX,PB,D,20200218,000000,1.49436,1.49436,1.48472,1.49436,0,0
MEX,PB,D,20200219,000000,1.49436,1.49436,1.46544,1.48472,0,0
MEX,PB,D,20200220,000000,1.48472,1.48472,1.48472,1.48472,0,0
MEX,PB,D,20200221,000000,1.48472,1.48472,1.46544,1.48472,0,0
MEX,PB,D,20200224,000000,1.54256,1.54256,1.38831,1.49436,0,0
MEX,PB,D,20200225,000000,1.49436,1.51364,1.37867,1.43651,0,0
MEX,PB,D,20200226,000000,1.51364,1.51364,1.40759,1.43651,0,0
MEX,PB,D,20200227,000000,1.51364,1.51364,1.41723,1.41723,0,0
MEX,PB,D,20200228,000000,1.33046,1.38831,1.2919,1.38831,0,0
MEX,PB,D,20200302,000000,1.37867,1.39795,1.27262,1.36903,0,0
MEX,PB,D,20200303,000000,1.42687,1.42687,1.37867,1.42687,0,0
MEX,PB,D,20200304,000000,1.37867,1.37867,1.3401,1.3401,0,0
MEX,PB,D,20200305,000000,1.3401,1.3401,1.32082,1.32082,0,0
MEX,PB,D,20200306,000000,1.32082,1.32082,1.2919,1.31118,0,0
MEX,PB,D,20200309,000000,1.26297,1.26297,1.03159,1.17621,0,0
MEX,PB,D,20200310,000000,1.22441,1.22441,1.09908,1.15692,0,0
MEX,PB,D,20200311,000000,1.17621,1.17621,1.02195,1.06051,0,0
MEX,PB,D,20200312,000000,1.09908,1.09908,1.01231,1.01231,0,0
MEX,PB,D,20200313,000000,1.03159,1.10872,0.964103,0.964103,0,0
MEX,PB,D,20200316,000000,0.925538,0.925538,0.809846,0.906256,0,0
MEX,PB,D,20200317,000000,1.06051,1.06051,1.05087,1.05087,0,0
MEX,PB,D,20200318,000000,0.944821,0.973744,0.886974,0.964103,0,0
MEX,PB,D,20200319,000000,1.00267,1.00267,0.964103,0.964103,0,0
MEX,PB,D,20200320,000000,0.964103,0.964103,0.84841,0.915897,0,0
MEX,PB,D,20200323,000000,0.886974,0.886974,0.867692,0.867692,0,0
MEX,PB,D,20200324,000000,0.867692,0.867692,0.838769,0.838769,0,0
MEX,PB,D,20200325,000000,0.84841,0.886974,0.838769,0.877333,0,0
MEX,PB,D,20200326,000000,0.886974,0.886974,0.800205,0.858051,0,0
MEX,PB,D,20200327,000000,0.858051,0.858051,0.858051,0.858051,0,0
MEX,PB,D,20200330,000000,0.858051,0.858051,0.780923,0.809846,0,0
MEX,PB,D,20200331,000000,0.800205,0.809846,0.790564,0.809846,0,0
MEX,PB,D,20200401,000000,0.771282,0.809846,0.771282,0.809846,0,0
MEX,PB,D,20200402,000000,0.809846,0.809846,0.761641,0.809846,0,0
MEX,PB,D,20200403,000000,0.800205,0.800205,0.732718,0.800205,0,0
MEX,PB,D,20200406,000000,0.790564,0.790564,0.723077,0.780923,0,0
MEX,PB,D,20200407,000000,0.761641,0.838769,0.761641,0.838769,0,0
MEX,PB,D,20200408,000000,0.838769,0.838769,0.819487,0.838769,0,0
MEX,PB,D,20200409,000000,0.838769,0.886974,0.838769,0.886974,0,0
MEX,PB,D,20200414,000000,0.838769,0.915897,0.838769,0.906256,0,0
MEX,PB,D,20200415,000000,0.915897,1.00267,0.886974,0.915897,0,0
MEX,PB,D,20200416,000000,0.915897,0.915897,0.867692,0.867692,0,0
MEX,PB,D,20200417,000000,0.915897,0.915897,0.906256,0.906256,0,0
MEX,PB,D,20200420,000000,0.925538,0.925538,0.906256,0.925538,0,0
MEX,PB,D,20200421,000000,0.925538,0.925538,0.925538,0.925538,0,0
MEX,PB,D,20200422,000000,0.925538,0.925538,0.906256,0.925538,0,0
MEX,PB,D,20200423,000000,0.915897,0.964103,0.915897,0.964103,0,0
MEX,PB,D,20200424,000000,0.964103,0.964103,0.915897,0.935179,0,0
MEX,PB,D,20200427,000000,0.935179,0.944821,0.915897,0.935179,0,0
MEX,PB,D,20200428,000000,0.935179,0.935179,0.915897,0.925538,0,0
MEX,PB,D,20200429,000000,0.935179,0.935179,0.906256,0.935179,0,0
MEX,PB,D,20200430,000000,0.935179,1.01231,0.925538,0.983385,0,0
MEX,PB,D,20200504,000000,0.983385,0.983385,0.973744,0.973744,0,0
MEX,PB,D,20200505,000000,0.973744,1.07015,0.964103,1.06051,0,0
MEX,PB,D,20200506,000000,1.05087,1.06051,0.964103,0.964103,0,0
MEX,PB,D,20200507,000000,1.05087,1.05087,0.993026,0.993026,0,0
MEX,PB,D,20200508,000000,0.993026,1.01231,0.993026,1.01231,0,0
MEX,PB,D,20200511,000000,1.01231,1.02195,0.983385,1.01231,0,0
MEX,PB,D,20200512,000000,1.02195,1.03159,1.01231,1.03159,0,0
MEX,PB,D,20200513,000000,1.03159,1.07979,1.02195,1.07015,0,0
MEX,PB,D,20200514,000000,1.06051,1.06051,0.964103,1.02195,0,0
MEX,PB,D,20200515,000000,0.993026,1.02195,0.983385,1.00267,0,0
MEX,PB,D,20200518,000000,1.01231,1.01231,0.973744,0.993026,0,0
MEX,PB,D,20200519,000000,0.993026,1.05087,0.983385,0.983385,0,0
MEX,PB,D,20200520,000000,1.01231,1.03159,0.983385,1.03159,0,0
MEX,PB,D,20200521,000000,1.04123,1.06051,1.02195,1.06051,0,0
MEX,PB,D,20200522,000000,1.05087,1.09908,1.01231,1.09908,0,0
MEX,PB,D,20200525,000000,1.09908,1.09908,1.05087,1.07015,0,0
MEX,PB,D,20200526,000000,1.07015,1.10872,1.06051,1.10872,0,0
MEX,PB,D,20200527,000000,1.08944,1.13764,1.07979,1.11836,0,0
MEX,PB,D,20200528,000000,1.13764,1.13764,1.07979,1.10872,0,0
MEX,PB,D,20200529,000000,1.13764,1.13764,1.10872,1.13764,0,0
MEX,PB,D,20200601,000000,1.13764,1.17621,1.09908,1.15692,0,0
MEX,PB,D,20200602,000000,1.24369,1.2919,1.15692,1.2919,0,0
MEX,PB,D,20200603,000000,1.21477,1.41723,1.20513,1.21477,0,0
MEX,PB,D,20200604,000000,1.26297,1.33046,1.14728,1.33046,0,0
MEX,PB,D,20200605,000000,1.28226,1.41723,1.24369,1.41723,0,0
MEX,PB,D,20200608,000000,1.43651,1.43651,1.34974,1.35938,0,0
MEX,PB,D,20200609,000000,1.35938,1.35938,1.26297,1.31118,0,0
MEX,PB,D,20200610,000000,1.35938,1.41723,1.34974,1.34974,0,0
MEX,PB,D,20200612,000000,1.32082,1.34974,1.31118,1.34974,0,0
MEX,PB,D,20200615,000000,1.31118,1.36903,1.24369,1.3401,0,0
MEX,PB,D,20200616,000000,1.36903,1.36903,1.24369,1.2919,0,0
MEX,PB,D,20200617,000000,1.24369,1.2919,1.22441,1.26297,0,0
MEX,PB,D,20200618,000000,1.27262,1.27262,1.24369,1.26297,0,0
MEX,PB,D,20200619,000000,1.26297,1.26297,1.25333,1.25333,0,0
MEX,PB,D,20200622,000000,1.25333,1.25333,1.21477,1.25333,0,0
MEX,PB,D,20200623,000000,1.25333,1.27262,1.21477,1.27262,0,0
MEX,PB,D,20200624,000000,1.27262,1.27262,1.27262,1.27262,0,0
MEX,PB,D,20200625,000000,1.21477,1.25333,1.19549,1.25333,0,0
MEX,PB,D,20200626,000000,1.25333,1.25333,1.19549,1.19549,0,0
MEX,PB,D,20200629,000000,1.15692,1.19549,1.15692,1.16656,0,0
MEX,PB,D,20200630,000000,1.16656,1.19549,1.16656,1.19549,0,0
MEX,PB,D,20200701,000000,1.19549,1.19549,1.18585,1.19549,0,0
MEX,PB,D,20200702,000000,1.18585,1.18585,1.16656,1.18585,0,0
MEX,PB,D,20200703,000000,1.18585,1.18585,1.18585,1.18585,0,0
MEX,PB,D,20200706,000000,1.19549,1.19549,1.14728,1.18585,0,0
MEX,PB,D,20200707,000000,1.18585,1.18585,1.16656,1.18585,0,0
MEX,PB,D,20200708,000000,1.16656,1.18585,1.16656,1.18585,0,0
MEX,PB,D,20200709,000000,1.19549,1.27262,1.18585,1.18585,0,0
MEX,PB,D,20200710,000000,1.18585,1.21477,1.18585,1.21477,0,0
MEX,PB,D,20200713,000000,1.20513,1.20513,1.16656,1.16656,0,0
MEX,PB,D,20200714,000000,1.19549,1.19549,1.15692,1.15692,0,0
MEX,PB,D,20200715,000000,1.19549,1.19549,1.19549,1.19549,0,0
MEX,PB,D,20200716,000000,1.18585,1.18585,1.13764,1.18585,0,0
MEX,PB,D,20200717,000000,1.16656,1.18585,1.13764,1.15692,0,0
MEX,PB,D,20200720,000000,1.14728,1.14728,1.11836,1.11836,0,0
MEX,PB,D,20200721,000000,1.11836,1.14728,1.09908,1.09908,0,0
MEX,PB,D,20200722,000000,1.09908,1.13764,1.09908,1.09908,0,0
MEX,PB,D,20200723,000000,1.14728,1.14728,1.09908,1.13764,0,0
MEX,PB,D,20200724,000000,1.14728,1.14728,1.09908,1.09908,0,0
MEX,PB,D,20200727,000000,1.09908,1.09908,1.05087,1.06051,0,0
MEX,PB,D,20200728,000000,1.07015,1.128,1.07015,1.128,0,0
MEX,PB,D,20200729,000000,1.128,1.128,1.04123,1.07015,0,0
MEX,PB,D,20200730,000000,1.04123,1.128,0.973744,1.07015,0,0
MEX,PB,D,20200731,000000,1.02195,1.02195,0.983385,1.02195,0,0
MEX,PB,D,20200803,000000,1.07015,1.07015,1.02195,1.02195,0,0
MEX,PB,D,20200804,000000,1.04123,1.04123,0.964103,0.983385,0,0
MEX,PB,D,20200805,000000,0.983385,0.993026,0.954462,0.954462,0,0
MEX,PB,D,20200806,000000,0.954462,0.973744,0.935179,0.964103,0,0
MEX,PB,D,20200807,000000,0.944821,0.973744,0.790564,0.790564,0,0
MEX,PB,D,20200810,000000,0.858051,0.896615,0.809846,0.867692,0,0
MEX,PB,D,20200811,000000,0.867692,0.906256,0.809846,0.838769,0,0
MEX,PB,D,20200812,000000,0.867692,0.896615,0.829128,0.886974,0,0
MEX,PB,D,20200813,000000,0.886974,0.886974,0.809846,0.84841,0,0
MEX,PB,D,20200814,000000,0.838769,0.886974,0.838769,0.886974,0,0
MEX,PB,D,20200817,000000,0.886974,0.886974,0.867692,0.867692,0,0
MEX,PB,D,20200818,000000,0.877333,0.877333,0.838769,0.877333,0,0
MEX,PB,D,20200819,000000,0.886974,0.886974,0.877333,0.886974,0,0
MEX,PB,D,20200820,000000,0.886974,0.886974,0.84841,0.886974,0,0
MEX,PB,D,20200821,000000,0.886974,0.886974,0.886974,0.886974,0,0
MEX,PB,D,20200824,000000,0.886974,0.944821,0.886974,0.944821,0,0
MEX,PB,D,20200825,000000,0.915897,0.944821,0.915897,0.944821,0,0
MEX,PB,D,20200826,000000,0.944821,0.944821,0.915897,0.915897,0,0
MEX,PB,D,20200827,000000,0.935179,0.944821,0.915897,0.944821,0,0
MEX,PB,D,20200828,000000,0.944821,0.944821,0.944821,0.944821,0,0
MEX,PB,D,20200831,000000,0.944821,0.944821,0.944821,0.944821,0,0
MEX,PB,D,20200901,000000,0.944821,0.944821,0.906256,0.944821,0,0
MEX,PB,D,20200902,000000,0.935179,0.935179,0.935179,0.935179,0,0
MEX,PB,D,20200903,000000,0.935179,0.935179,0.896615,0.925538,0,0
MEX,PB,D,20200904,000000,0.915897,0.915897,0.915897,0.915897,0,0
MEX,PB,D,20200907,000000,0.896615,0.944821,0.896615,0.944821,0,0
MEX,PB,D,20200908,000000,0.944821,0.944821,0.886974,0.944821,0,0
MEX,PB,D,20200909,000000,0.944821,0.944821,0.944821,0.944821,0,0
MEX,PB,D,20200910,000000,0.925538,0.925538,0.925538,0.925538,0,0
MEX,PB,D,20200911,000000,0.915897,0.915897,0.896615,0.915897,0,0
MEX,PB,D,20200914,000000,0.896615,0.896615,0.896615,0.896615,0,0
MEX,PB,D,20200915,000000,0.915897,0.925538,0.915897,0.925538,0,0
MEX,PB,D,20200916,000000,0.925538,0.925538,0.896615,0.915897,0,0
MEX,PB,D,20200917,000000,0.915897,0.915897,0.886974,0.915897,0,0
MEX,PB,D,20200918,000000,0.925538,0.935179,0.886974,0.896615,0,0
MEX,PB,D,20200921,000000,0.867692,0.906256,0.838769,0.867692,0,0
MEX,PB,D,20200922,000000,0.886974,0.896615,0.84841,0.896615,0,0
MEX,PB,D,20200923,000000,0.896615,0.896615,0.896615,0.896615,0,0
MEX,PB,D,20200924,000000,0.886974,0.886974,0.838769,0.877333,0,0
MEX,PB,D,20200925,000000,0.838769,1.09908,0.809846,1.09908,0,0
MEX,PB,D,20200928,000000,1.20513,1.20513,1.11836,1.11836,0,0
MEX,PB,D,20200929,000000,1.14728,1.18585,1.11836,1.16656,0,0
MEX,PB,D,20200930,000000,1.16656,1.16656,1.16656,1.16656,0,0
MEX,PB,D,20201001,000000,1.16656,1.16656,1.16656,1.16656,0,0
MEX,PB,D,20201002,000000,1.16656,1.16656,1.11836,1.16656,0,0
MEX,PB,D,20201005,000000,1.16656,1.16656,1.16656,1.16656,0,0
MEX,PB,D,20201006,000000,1.14728,1.15692,1.08944,1.15692,0,0
MEX,PB,D,20201007,000000,1.15692,1.15692,1.01231,1.01231,0,0
MEX,PB,D,20201008,000000,1.10872,1.10872,0.993026,0.993026,0,0
MEX,PB,D,20201009,000000,1.02195,1.02195,1.02195,1.02195,0,0
MEX,PB,D,20201012,000000,1.04123,1.04123,0.993026,1.04123,0,0
MEX,PB,D,20201013,000000,1.04123,1.04123,0.935179,0.983385,0,0
MEX,PB,D,20201014,000000,1.00267,1.00267,0.944821,0.964103,0,0
MEX,PB,D,20201015,000000,0.896615,0.925538,0.84841,0.906256,0,0
MEX,PB,D,20201016,000000,0.896615,0.906256,0.84841,0.906256,0,0
MEX,PB,D,20201019,000000,0.867692,0.906256,0.829128,0.877333,0,0
MEX,PB,D,20201020,000000,0.867692,0.925538,0.780923,0.925538,0,0
MEX,PB,D,20201021,000000,0.925538,0.925538,0.829128,0.925538,0,0
MEX,PB,D,20201022,000000,0.925538,0.925538,0.925538,0.925538,0,0
MEX,PB,D,20201023,000000,0.800205,0.915897,0.800205,0.915897,0,0
MEX,PB,D,20201026,000000,0.925538,0.925538,0.906256,0.925538,0,0
MEX,PB,D,20201027,000000,0.925538,0.925538,0.877333,0.925538,0,0
MEX,PB,D,20201028,000000,0.915897,0.915897,0.829128,0.896615,0,0
MEX,PB,D,20201029,000000,0.829128,0.906256,0.829128,0.906256,0,0
MEX,PB,D,20201030,000000,0.886974,0.896615,0.819487,0.896615,0,0
MEX,PB,D,20201102,000000,0.896615,0.915897,0.877333,0.877333,0,0
MEX,PB,D,20201103,000000,0.915897,0.915897,0.896615,0.896615,0,0
MEX,PB,D,20201104,000000,0.915897,0.915897,0.829128,0.877333,0,0
MEX,PB,D,20201105,000000,0.877333,0.877333,0.838769,0.838769,0,0
MEX,PB,D,20201106,000000,0.829128,0.829128,0.771282,0.780923,0,0
MEX,PB,D,20201109,000000,0.771282,0.993026,0.771282,0.993026,0,0
MEX,PB,D,20201110,000000,0.993026,1.08944,0.983385,1.06051,0,0
MEX,PB,D,20201112,000000,1.08944,1.08944,0.993026,1.07015,0,0
MEX,PB,D,20201113,000000,1.07015,1.07015,1.01231,1.07015,0,0
MEX,PB,D,20201116,000000,1.07015,1.07015,1.02195,1.05087,0,0
MEX,PB,D,20201117,000000,1.07015,1.08944,1.01231,1.08944,0,0
MEX,PB,D,20201118,000000,1.08944,1.13764,1.08944,1.13764,0,0
MEX,PB,D,20201119,000000,1.08944,1.13764,1.08944,1.13764,0,0
MEX,PB,D,20201120,000000,1.13764,1.13764,1.09908,1.13764,0,0
MEX,PB,D,20201123,000000,1.13764,1.13764,1.13764,1.13764,0,0
MEX,PB,D,20201124,000000,1.13764,1.21477,1.11836,1.15692,0,0
MEX,PB,D,20201126,000000,1.16656,1.16656,1.14728,1.15692,0,0
MEX,PB,D,20201127,000000,1.16656,1.16656,1.06051,1.128,0,0
MEX,PB,D,20201130,000000,1.13764,1.13764,1.10872,1.11836,0,0
MEX,PB,D,20201201,000000,1.11836,1.11836,1.07015,1.11836,0,0
MEX,PB,D,20201202,000000,1.07979,1.11836,1.07015,1.09908,0,0
MEX,PB,D,20201203,000000,1.10872,1.10872,1.10872,1.10872,0,0
MEX,PB,D,20201204,000000,1.10872,1.10872,1.07015,1.07015,0,0
MEX,PB,D,20201207,000000,1.09908,1.10872,1.07979,1.10872,0,0
MEX,PB,D,20201208,000000,1.10872,1.10872,1.09908,1.09908,0,0
MEX,PB,D,20201209,000000,1.07979,1.10872,1.05087,1.10872,0,0
MEX,PB,D,20201210,000000,1.10872,1.11836,1.10872,1.11836,0,0
MEX,PB,D,20201211,000000,1.128,1.128,1.128,1.128,0,0
MEX,PB,D,20201214,000000,1.10872,1.11836,1.07015,1.11836,0,0
MEX,PB,D,20201215,000000,1.10872,1.10872,1.10872,1.10872,0,0
MEX,PB,D,20201216,000000,1.09908,1.09908,1.06051,1.09908,0,0
MEX,PB,D,20201217,000000,1.09908,1.09908,1.06051,1.08944,0,0
MEX,PB,D,20201218,000000,1.06051,1.07015,1.06051,1.07015,0,0
MEX,PB,D,20201221,000000,1.07015,1.07015,1.03159,1.03159,0,0
MEX,PB,D,20201222,000000,0.983385,1.07015,0.983385,1.07015,0,0
MEX,PB,D,20201223,000000,1.08944,1.08944,1.03159,1.03159,0,0
MEX,PB,D,20201228,000000,1.05087,1.07015,1.02195,1.06051,0,0
MEX,PB,D,20201229,000000,1.06051,1.07015,1.06051,1.07015,0,0
MEX,PB,D,20201230,000000,1.05087,1.07015,1.05087,1.07015,0,0
MEX,PB,D,20210104,000000,1.10872,1.19549,1.10872,1.14728,0,0
MEX,PB,D,20210105,000000,1.14728,1.23405,1.14728,1.19549,0,0
MEX,PB,D,20210107,000000,1.23405,1.25333,1.21477,1.21477,0,0
MEX,PB,D,20210108,000000,1.24369,1.24369,1.19549,1.23405,0,0
MEX,PB,D,20210111,000000,1.22441,1.32082,1.22441,1.32082,0,0
MEX,PB,D,20210112,000000,1.32082,1.3401,1.27262,1.31118,0,0
MEX,PB,D,20210113,000000,1.27262,1.33046,1.27262,1.27262,0,0
MEX,PB,D,20210114,000000,1.33046,1.33046,1.26297,1.27262,0,0
MEX,PB,D,20210115,000000,1.30154,1.32082,1.27262,1.27262,0,0
MEX,PB,D,20210118,000000,1.32082,1.32082,1.26297,1.32082,0,0
MEX,PB,D,20210119,000000,1.32082,1.32082,1.31118,1.32082,0,0
MEX,PB,D,20210120,000000,1.32082,1.33046,1.25333,1.33046,0,0
MEX,PB,D,20210121,000000,1.33046,1.44615,1.31118,1.42687,0,0
MEX,PB,D,20210122,000000,1.42687,1.42687,1.34974,1.35938,0,0
MEX,PB,D,20210125,000000,1.41723,1.41723,1.35938,1.38831,0,0
MEX,PB,D,20210126,000000,1.38831,1.38831,1.31118,1.37867,0,0
MEX,PB,D,20210127,000000,1.37867,1.37867,1.26297,1.26297,0,0
MEX,PB,D,20210128,000000,1.34974,1.34974,1.25333,1.26297,0,0
MEX,PB,D,20210129,000000,1.34974,1.34974,1.27262,1.30154,0,0
MEX,PB,D,20210201,000000,1.33046,1.37867,1.33046,1.35938,0,0
MEX,PB,D,20210202,000000,1.35938,1.37867,1.35938,1.37867,0,0
MEX,PB,D,20210203,000000,1.36903,1.41723,1.2919,1.41723,0,0
MEX,PB,D,20210204,000000,1.41723,1.42687,1.34974,1.42687,0,0
MEX,PB,D,20210205,000000,1.40759,1.41723,1.34974,1.40759,0,0
MEX,PB,D,20210208,000000,1.40759,1.40759,1.40759,1.40759,0,0
MEX,PB,D,20210209,000000,1.40759,1.41723,1.40759,1.41723,0,0
MEX,PB,D,20210210,000000,1.42687,1.42687,1.38831,1.42687,0,0
MEX,PB,D,20210211,000000,1.42687,1.42687,1.42687,1.42687,0,0
MEX,PB,D,20210212,000000,1.45579,1.74503,1.45579,1.6679,0,0
MEX,PB,D,20210215,000000,1.69682,1.7161,1.64862,1.7161,0,0
MEX,PB,D,20210216,000000,1.7161,1.7161,1.57149,1.69682,0,0
MEX,PB,D,20210217,000000,1.68718,1.68718,1.53292,1.63897,0,0
MEX,PB,D,20210218,000000,1.63897,1.63897,1.57149,1.57149,0,0
MEX,PB,D,20210219,000000,1.59077,1.59077,1.55221,1.55221,0,0
MEX,PB,D,20210222,000000,1.51364,1.51364,1.36903,1.38831,0,0
MEX,PB,D,20210223,000000,1.42687,1.55221,1.42687,1.51364,0,0
MEX,PB,D,20210224,000000,1.51364,1.51364,1.51364,1.51364,0,0
MEX,PB,D,20210225,000000,1.51364,1.51364,1.49436,1.51364,0,0
MEX,PB,D,20210226,000000,1.51364,1.51364,1.45579,1.49436,0,0
MEX,PB,D,20210301,000000,1.38831,1.48472,1.38831,1.48472,0,0
MEX,PB,D,20210302,000000,1.48472,1.48472,1.48472,1.48472,0,0
MEX,PB,D,20210303,000000,1.41723,1.51364,1.41723,1.51364,0,0
MEX,PB,D,20210304,000000,1.51364,1.51364,1.51364,1.51364,0,0
MEX,PB,D,20210305,000000,1.51364,1.64862,1.51364,1.64862,0,0
MEX,PB,D,20210308,000000,1.68718,1.81251,1.63897,1.81251,0,0
MEX,PB,D,20210309,000000,1.79323,1.79323,1.7161,1.73538,0,0
MEX,PB,D,20210310,000000,1.74503,1.78359,1.60041,1.78359,0,0
MEX,PB,D,20210311,000000,1.78359,1.91856,1.6679,1.78359,0,0
MEX,PB,D,20210312,000000,1.74503,1.81251,1.6679,1.7161,0,0
MEX,PB,D,20210315,000000,1.74503,1.79323,1.74503,1.74503,0,0
MEX,PB,D,20210316,000000,1.73538,1.73538,1.6679,1.73538,0,0
MEX,PB,D,20210317,000000,1.69682,1.69682,1.6679,1.6679,0,0
MEX,PB,D,20210318,000000,1.73538,1.78359,1.6679,1.6679,0,0
MEX,PB,D,20210319,000000,1.6679,1.73538,1.6679,1.6679,0,0
MEX,PB,D,20210322,000000,1.78359,1.78359,1.69682,1.76431,0,0
MEX,PB,D,20210323,000000,1.74503,1.74503,1.74503,1.74503,0,0
MEX,PB,D,20210324,000000,1.73538,1.73538,1.68718,1.7161,0,0
MEX,PB,D,20210325,000000,1.73538,1.73538,1.68718,1.68718,0,0
MEX,PB,D,20210326,000000,1.73538,1.73538,1.68718,1.68718,0,0
MEX,PB,D,20210329,000000,1.7161,1.7161,1.55221,1.64862,0,0
MEX,PB,D,20210330,000000,1.64862,1.64862,1.57149,1.60041,0,0
MEX,PB,D,20210331,000000,1.59077,1.61969,1.59077,1.59077,0,0
MEX,PB,D,20210401,000000,1.59077,1.74503,1.59077,1.74503,0,0
MEX,PB,D,20210406,000000,1.74503,2.00533,1.74503,1.94749,0,0
MEX,PB,D,20210407,000000,1.94749,2.05354,1.82215,1.82215,0,0
MEX,PB,D,20210408,000000,1.83179,1.94749,1.77395,1.90892,0,0
MEX,PB,D,20210409,000000,1.94749,1.94749,1.85108,1.90892,0,0
MEX,PB,D,20210412,000000,1.94749,1.98605,1.90892,1.98605,0,0
MEX,PB,D,20210413,000000,2.00533,2.01497,1.94749,1.98605,0,0
MEX,PB,D,20210414,000000,1.98605,1.98605,1.83179,1.83179,0,0
MEX,PB,D,20210415,000000,1.74503,1.92821,1.74503,1.85108,0,0
MEX,PB,D,20210416,000000,1.83179,1.87036,1.83179,1.87036,0,0
MEX,PB,D,20210419,000000,1.78359,1.89928,1.78359,1.82215,0,0
MEX,PB,D,20210420,000000,1.78359,1.89928,1.78359,1.83179,0,0
MEX,PB,D,20210421,000000,1.83179,1.83179,1.74503,1.74503,0,0
MEX,PB,D,20210422,000000,1.80287,1.81251,1.80287,1.80287,0,0
MEX,PB,D,20210423,000000,1.78359,1.82215,1.75467,1.82215,0,0
MEX,PB,D,20210426,000000,1.82215,1.82215,1.75467,1.81251,0,0
MEX,PB,D,20210427,000000,1.79323,1.83179,1.74503,1.83179,0,0
MEX,PB,D,20210428,000000,1.83179,1.96677,1.79323,1.93785,0,0
MEX,PB,D,20210429,000000,1.98605,1.98605,1.94749,1.97641,0,0
MEX,PB,D,20210430,000000,1.97641,1.98605,1.94749,1.96677,0,0
MEX,PB,D,20210504,000000,1.96677,5.33149,1.93785,5.33149,0,0
MEX,PB,D,20210505,000000,5.39897,5.39897,5.29292,5.39897,0,0
MEX,PB,D,20210506,000000,5.39897,5.39897,5.29292,5.36041,0,0
MEX,PB,D,20210507,000000,5.33149,5.36041,5.13867,5.264,0,0
MEX,PB,D,20210510,000000,5.46646,5.46646,5.09046,5.41826,0,0
MEX,PB,D,20210511,000000,5.46646,5.46646,5.18687,5.46646,0,0
MEX,PB,D,20210512,000000,5.46646,5.46646,5.264,5.46646,0,0
MEX,PB,D,20210513,000000,5.0519,5.44718,5.0519,5.36041,0,0
MEX,PB,D,20210514,000000,5.36041,5.36041,5.0519,5.24472,0,0
MEX,PB,D,20210517,000000,5.24472,5.24472,5.0519,5.24472,0,0
MEX,PB,D,20210518,000000,5.24472,5.24472,4.87836,5.0519,0,0
MEX,PB,D,20210519,000000,5.03262,5.24472,5.00369,5.00369,0,0
MEX,PB,D,20210520,000000,5.22544,5.22544,4.81087,4.81087,0,0
MEX,PB,D,20210521,000000,4.91692,5.36041,4.91692,5.22544,0,0
MEX,PB,D,20210524,000000,5.22544,5.37969,5.22544,5.37969,0,0
MEX,PB,D,20210525,000000,5.37969,5.46646,5.24472,5.46646,0,0
MEX,PB,D,20210526,000000,5.46646,5.46646,5.24472,5.24472,0,0
MEX,PB,D,20210527,000000,5.46646,5.46646,5.36041,5.37969,0,0
MEX,PB,D,20210528,000000,5.37969,18.7807,5.15795,18.7807,0,0
MEX,PB,D,20210531,000000,18.6265,19.2435,18.0191,19.2435,0,0
MEX,PB,D,20210601,000000,19.2435,19.2435,17.4792,19.176,0,0
MEX,PB,D,20210602,000000,18.7807,18.7807,18.0191,18.7132,0,0
MEX,PB,D,20210604,000000,17.9323,18.7807,17.8552,18.7807,0,0
MEX,PB,D,20210607,000000,18.7807,18.7807,17.5563,17.8552,0,0
MEX,PB,D,20210608,000000,18.7132,18.7132,17.4792,17.4792,0,0
MEX,PB,D,20210609,000000,17.0935,18.0191,17.0935,17.3249,0,0
MEX,PB,D,20210610,000000,17.3249,17.5563,17.0935,17.5563,0,0
MEX,PB,D,20210611,000000,17.5563,17.5563,17.5563,17.5563,0,0
MEX,PB,D,20210614,000000,17.5563,17.5563,17.0935,17.5563,0,0
MEX,PB,D,20210615,000000,16.6983,17.5563,16.168,17.2478,0,0
MEX,PB,D,20210616,000000,16.6983,17.2478,16.6983,17.2478,0,0
MEX,PB,D,20210617,000000,17.3249,17.3249,16.6983,16.9296,0,0
MEX,PB,D,20210618,000000,16.9296,16.9296,16.3994,16.6308,0,0
MEX,PB,D,20210621,000000,16.6308,16.9296,16.168,16.785,0,0
MEX,PB,D,20210622,000000,16.8622,17.3249,16.3223,17.2478,0,0
MEX,PB,D,20210623,000000,16.168,17.2478,16.168,16.8622,0,0
MEX,PB,D,20210624,000000,17.161,17.3249,17.161,17.3249,0,0
MEX,PB,D,20210625,000000,16.6983,17.3249,16.6983,17.3249,0,0
MEX,PB,D,20210628,000000,17.3249,17.3249,16.8622,16.8622,0,0
MEX,PB,D,20210629,000000,16.9296,16.9296,16.3223,16.9296,0,0
MEX,PB,D,20210630,000000,16.3994,16.3994,14.7797,16.2355,0,0
MEX,PB,D,20210701,000000,16.2355,16.2355,15.7052,16.2355,0,0
MEX,PB,D,20210702,000000,16.168,16.168,15.3196,15.3967,0,0
MEX,PB,D,20210705,000000,16.0909,16.0909,15.8595,15.8595,0,0
MEX,PB,D,20210706,000000,16.0909,16.0909,16.0909,16.0909,0,0
MEX,PB,D,20210707,000000,16.0041,16.0041,15.6281,15.6281,0,0
MEX,PB,D,20210708,000000,16.0909,16.0909,15.6281,16.0909,0,0
MEX,PB,D,20210709,000000,16.0041,16.0041,15.9366,15.9366,0,0
MEX,PB,D,20210712,000000,15.0111,15.9366,13.5842,14.7797,0,0
MEX,PB,D,20210713,000000,15.7052,15.7052,13.5456,14.9725,0,0
MEX,PB,D,20210714,000000,14.8568,15.4738,13.8638,15.4738,0,0
MEX,PB,D,20210715,000000,15.3582,15.4738,15.3582,15.3582,0,0
MEX,PB,D,20210716,000000,15.3196,15.3196,15.3196,15.3196,0,0
MEX,PB,D,20210719,000000,15.3582,15.3582,13.8638,14.5965,0,0
MEX,PB,D,20210720,000000,13.8638,14.3651,13.8638,14.2398,0,0
MEX,PB,D,20210721,000000,14.5483,14.5483,14.4326,14.4326,0,0
MEX,PB,D,20210722,000000,14.4326,15.3967,14.4326,15.3967,0,0
MEX,PB,D,20210723,000000,14.6254,15.3967,14.047,15.3967,0,0
MEX,PB,D,20210726,000000,15.3967,15.3967,15.3582,15.3967,0,0
MEX,PB,D,20210727,000000,15.3967,15.3967,15.3967,15.3967,0,0
MEX,PB,D,20210728,000000,13.8638,15.2425,13.8638,15.2425,0,0
MEX,PB,D,20210729,000000,15.2425,15.2425,15.0882,15.0882,0,0
MEX,PB,D,20210730,000000,15.3196,15.3196,15.3196,15.3196,0,0
MEX,PB,D,20210802,000000,15.3196,15.3196,15.3196,15.3196,0,0
MEX,PB,D,20210803,000000,15.3196,15.3196,14.3169,14.3169,0,0
MEX,PB,D,20210804,000000,14.3169,15.2039,14.3169,15.2039,0,0
MEX,PB,D,20210805,000000,15.0496,15.0496,14.664,14.664,0,0
MEX,PB,D,20210806,000000,14.6254,14.6254,14.4712,14.4712,0,0
MEX,PB,D,20210809,000000,14.6254,14.9339,14.6254,14.6254,0,0
MEX,PB,D,20210810,000000,14.6254,14.9725,14.4712,14.8954,0,0
MEX,PB,D,20210811,000000,14.9725,15.0882,14.9725,15.0882,0,0
MEX,PB,D,20210812,000000,15.0882,15.0882,15.0882,15.0882,0,0
MEX,PB,D,20210813,000000,15.0882,15.0882,14.5097,14.6254,0,0
MEX,PB,D,20210816,000000,14.5097,14.6254,14.5097,14.6254,0,0
MEX,PB,D,20210817,000000,14.6254,14.6254,14.6254,14.6254,0,0
MEX,PB,D,20210818,000000,14.6254,15.3196,14.4712,15.3196,0,0
MEX,PB,D,20210819,000000,14.5097,14.9339,14.1627,14.6254,0,0
MEX,PB,D,20210820,000000,15.281,15.281,14.6254,14.6254,0,0
MEX,PB,D,20210823,000000,14.8568,14.8568,14.8568,14.8568,0,0
MEX,PB,D,20210824,000000,14.7797,15.281,14.2398,14.2398,0,0
MEX,PB,D,20210825,000000,15.281,15.281,14.6254,14.6254,0,0
MEX,PB,D,20210826,000000,14.6254,15.0882,14.4712,14.8568,0,0
MEX,PB,D,20210827,000000,14.7797,14.7797,14.7797,14.7797,0,0
MEX,PB,D,20210830,000000,14.7797,15.8595,14.6254,15.8595,0,0
MEX,PB,D,20210831,000000,15.8595,16.2355,14.7411,16.2355,0,0
MEX,PB,D,20210901,000000,16.2355,16.8622,16.2355,16.8622,0,0
MEX,PB,D,20210902,000000,16.9296,17.4792,15.3196,17.4792,0,0
MEX,PB,D,20210903,000000,17.2478,17.3249,16.5536,17.3249,0,0
MEX,PB,D,20210906,000000,17.3924,17.3924,15.8595,16.9296,0,0
MEX,PB,D,20210907,000000,17.8552,17.8552,17.2478,17.8552,0,0
MEX,PB,D,20210908,000000,17.8552,17.8552,16.168,17.3924,0,0
MEX,PB,D,20210909,000000,17.3924,17.3924,16.6983,17.3924,0,0
MEX,PB,D,20210910,000000,16.9296,17.3924,16.5536,16.9296,0,0
MEX,PB,D,20210913,000000,16.9296,16.9296,16.9296,16.9296,0,0
MEX,PB,D,20210914,000000,16.9296,16.9296,16.9296,16.9296,0,0
MEX,PB,D,20210915,000000,16.168,17.3924,16.168,17.3924,0,0
MEX,PB,D,20210916,000000,16.785,17.161,16.168,17.161,0,0
MEX,PB,D,20210917,000000,17.161,18.3951,16.3994,18.3951,0,0
MEX,PB,D,20210920,000000,18.0866,18.0866,17.7009,17.7009,0,0
MEX,PB,D,20210921,000000,17.3249,18.3179,17.3249,18.3179,0,0
MEX,PB,D,20210922,000000,18.3179,18.3179,18.3179,18.3179,0,0
MEX,PB,D,20210923,000000,18.0866,18.0866,16.9296,16.9296,0,0
MEX,PB,D,20210924,000000,17.7009,17.7009,5.32185,5.32185,0,0
MEX,PB,D,20210927,000000,5.30256,5.34113,5.04226,5.34113,0,0
MEX,PB,D,20210928,000000,5.34113,5.34113,5.34113,5.34113,0,0
MEX,PB,D,20210929,000000,5.32185,5.32185,5.32185,5.32185,0,0
MEX,PB,D,20210930,000000,5.32185,5.32185,4.87836,5.17723,0,0
MEX,PB,D,20211001,000000,5.32185,5.32185,5.30256,5.30256,0,0
MEX,PB,D,20211004,000000,5.30256,5.30256,5.04226,5.30256,0,0
MEX,PB,D,20211005,000000,5.22544,5.22544,4.92656,4.92656,0,0
MEX,PB,D,20211006,000000,5.13867,5.30256,4.89764,4.89764,0,0
MEX,PB,D,20211007,000000,5.30256,5.30256,5.25436,5.25436,0,0
MEX,PB,D,20211008,000000,5.30256,5.30256,5.22544,5.30256,0,0
MEX,PB,D,20211011,000000,5.30256,5.30256,5.30256,5.30256,0,0
MEX,PB,D,20211012,000000,5.30256,5.30256,5.30256,5.30256,0,0
MEX,PB,D,20211013,000000,5.30256,5.30256,5.22544,5.22544,0,0
MEX,PB,D,20211014,000000,5.30256,5.30256,5.13867,5.25436,0,0
MEX,PB,D,20211015,000000,5.25436,5.25436,5.25436,5.25436,0,0
MEX,PB,D,20211018,000000,5.15795,5.15795,5.15795,5.15795,0,0
MEX,PB,D,20211020,000000,5.02297,5.04226,5.02297,5.04226,0,0
MEX,PB,D,20211021,000000,5.45682,5.45682,5.04226,5.30256,0,0
MEX,PB,D,20211022,000000,4.79159,5.30256,4.79159,5.10974,0,0
MEX,PB,D,20211025,000000,5.22544,5.22544,5.22544,5.22544,0,0
MEX,PB,D,20211026,000000,5.30256,5.30256,5.20615,5.20615,0,0
MEX,PB,D,20211027,000000,5.22544,5.30256,5.22544,5.30256,0,0
MEX,PB,D,20211028,000000,5.30256,5.30256,5.30256,5.30256,0,0
MEX,PB,D,20211029,000000,5.30256,5.30256,5.30256,5.30256,0,0
MEX,PB,D,20211102,000000,5.10974,5.10974,5.10974,5.10974,0,0
MEX,PB,D,20211103,000000,5.20615,5.30256,5.20615,5.30256,0,0
MEX,PB,D,20211104,000000,5.30256,5.30256,5.20615,5.20615,0,0
MEX,PB,D,20211105,000000,5.20615,5.20615,5.20615,5.20615,0,0
MEX,PB,D,20211108,000000,5.15795,5.43754,5.10974,5.43754,0,0
MEX,PB,D,20211109,000000,5.34113,5.55323,5.17723,5.22544,0,0
MEX,PB,D,20211110,000000,5.25436,5.25436,5.22544,5.25436,0,0
MEX,PB,D,20211112,000000,5.27364,5.27364,5.27364,5.27364,0,0
MEX,PB,D,20211115,000000,5.45682,5.45682,5.15795,5.27364,0,0
MEX,PB,D,20211116,000000,5.15795,5.22544,5.15795,5.22544,0,0
MEX,PB,D,20211117,000000,5.30256,5.30256,5.15795,5.22544,0,0
MEX,PB,D,20211118,000000,5.15795,5.32185,5.15795,5.15795,0,0
MEX,PB,D,20211119,000000,5.25436,5.25436,5.10974,5.10974,0,0
MEX,PB,D,20211122,000000,5.25436,5.25436,5.17723,5.17723,0,0
MEX,PB,D,20211123,000000,5.34113,5.34113,5.13867,5.13867,0,0
MEX,PB,D,20211124,000000,5.13867,5.22544,5.13867,5.22544,0,0
MEX,PB,D,20211125,000000,5.22544,5.22544,5.22544,5.22544,0,0
MEX,PB,D,20211126,000000,5.55323,6.69087,5.38933,6.36308,0,0
MEX,PB,D,20211129,000000,6.27631,6.29559,5.10974,5.41826,0,0
MEX,PB,D,20211130,000000,5.34113,5.66892,5.34113,5.53395,0,0
MEX,PB,D,20211201,000000,5.34113,5.53395,2.06318,2.06318,0,0
MEX,PB,D,20211202,000000,2.06318,2.06318,1.99569,1.99569,0,0
MEX,PB,D,20211203,000000,1.99569,1.99569,1.99569,1.99569,0,0
MEX,PB,D,20211206,000000,1.99569,2.03426,1.99569,2.03426,0,0
MEX,PB,D,20211207,000000,2.20779,2.20779,2.00533,2.00533,0,0
MEX,PB,D,20211208,000000,2.03426,2.03426,1.99569,1.99569,0,0
MEX,PB,D,20211209,000000,2.08246,2.08246,2.01497,2.01497,0,0
MEX,PB,D,20211210,000000,2.0921,2.0921,2.0921,2.0921,0,0
MEX,PB,D,20211213,000000,2.08246,2.08246,2.03426,2.03426,0,0
MEX,PB,D,20211214,000000,1.92821,2.07282,1.92821,2.07282,0,0
MEX,PB,D,20211215,000000,2.07282,2.07282,1.99569,2.07282,0,0
MEX,PB,D,20211216,000000,1.97641,2.05354,1.97641,2.05354,0,0
MEX,PB,D,20211217,000000,2.07282,2.0921,2.06318,2.0921,0,0
MEX,PB,D,20211220,000000,2.03426,2.03426,2.01497,2.01497,0,0
MEX,PB,D,20211221,000000,1.99569,2.08246,1.99569,2.08246,0,0
MEX,PB,D,20211222,000000,2.08246,2.08246,1.92821,2.02462,0,0
MEX,PB,D,20211223,000000,1.94749,2.07282,1.94749,2.00533,0,0
MEX,PB,D,20211227,000000,2.00533,2.00533,1.98605,1.98605,0,0
MEX,PB,D,20211228,000000,2.00533,2.0439,1.95713,1.99569,0,0
MEX,PB,D,20211229,000000,2.03426,2.03426,2.02462,2.02462,0,0
MEX,PB,D,20211230,000000,2.03426,2.03426,1.99569,1.99569,0,0
MEX,PB,D,20220103,000000,2.16923,2.16923,2.11138,2.11138,0,0
MEX,PB,D,20220104,000000,2.10174,2.10174,2.10174,2.10174,0,0
MEX,PB,D,20220105,000000,2.10174,2.10174,2.10174,2.10174,0,0
MEX,PB,D,20220107,000000,2.10174,2.10174,2.03426,2.08246,0,0
MEX,PB,D,20220110,000000,2.10174,2.10174,2.10174,2.10174,0,0
MEX,PB,D,20220111,000000,2.10174,2.10174,1.99569,2.03426,0,0
MEX,PB,D,20220112,000000,1.99569,2.10174,1.99569,2.07282,0,0
MEX,PB,D,20220113,000000,2.10174,2.10174,1.99569,2.07282,0,0
MEX,PB,D,20220114,000000,2.06318,2.06318,1.94749,1.97641,0,0
MEX,PB,D,20220117,000000,1.91856,1.97641,1.90892,1.97641,0,0
MEX,PB,D,20220118,000000,1.96677,1.96677,1.91856,1.95713,0,0
MEX,PB,D,20220119,000000,1.94749,1.94749,1.91856,1.91856,0,0
MEX,PB,D,20220120,000000,1.78359,1.90892,1.78359,1.89928,0,0
MEX,PB,D,20220121,000000,1.85108,1.85108,1.68718,1.77395,0,0
MEX,PB,D,20220124,000000,1.88,1.88,1.56185,1.56185,0,0
MEX,PB,D,20220125,000000,1.60041,1.60041,1.60041,1.60041,0,0
MEX,PB,D,20220126,000000,1.60041,1.84144,1.60041,1.83179,0,0
MEX,PB,D,20220127,000000,1.85108,1.93785,1.83179,1.93785,0,0
MEX,PB,D,20220128,000000,1.93785,1.94749,1.81251,1.93785,0,0
MEX,PB,D,20220131,000000,1.88964,1.93785,1.88964,1.88964,0,0
MEX,PB,D,20220201,000000,1.94749,1.94749,1.81251,1.94749,0,0
MEX,PB,D,20220202,000000,1.94749,2.06318,1.90892,2.06318,0,0
MEX,PB,D,20220203,000000,1.80287,2.06318,1.80287,2.0439,0,0
MEX,PB,D,20220204,000000,1.90892,2.0439,1.90892,2.03426,0,0
MEX,PB,D,20220207,000000,2.03426,2.03426,2.03426,2.03426,0,0
MEX,PB,D,20220208,000000,2.03426,2.03426,1.91856,1.97641,0,0
MEX,PB,D,20220209,000000,2.02462,2.02462,2.01497,2.01497,0,0
MEX,PB,D,20220210,000000,1.97641,2.11138,1.89928,2.11138,0,0
MEX,PB,D,20220211,000000,2.03426,2.11138,1.99569,2.08246,0,0
MEX,PB,D,20220214,000000,1.92821,2.10174,1.90892,1.96677,0,0
MEX,PB,D,20220215,000000,2.10174,2.10174,1.96677,2.10174,0,0
MEX,PB,D,20220216,000000,2.10174,2.10174,2.08246,2.10174,0,0
MEX,PB,D,20220217,000000,2.10174,2.10174,2.02462,2.02462,0,0
MEX,PB,D,20220218,000000,2.10174,2.10174,2.01497,2.01497,0,0
MEX,PB,D,20220221,000000,2.10174,2.10174,1.99569,2.01497,0,0
MEX,PB,D,20220222,000000,2.10174,2.10174,2.10174,2.10174,0,0
MEX,PB,D,20220223,000000,2.0439,2.256,2.0439,2.24636,0,0
MEX,PB,D,20220224,000000,2.24636,2.24636,1.85108,1.99569,0,0
MEX,PB,D,20220225,000000,2.06318,2.06318,2.06318,2.06318,0,0
MEX,PB,D,20220228,000000,2.05354,2.05354,1.92821,1.94749,0,0
MEX,PB,D,20220301,000000,1.86072,2.0439,1.86072,2.0439,0,0
MEX,PB,D,20220302,000000,1.94749,2.12103,1.84144,2.12103,0,0
MEX,PB,D,20220303,000000,1.84144,2.03426,1.84144,1.94749,0,0
MEX,PB,D,20220304,000000,1.93785,1.93785,1.93785,1.93785,0,0
MEX,PB,D,20220307,000000,1.90892,1.90892,1.83179,1.89928,0,0
MEX,PB,D,20220308,000000,1.88964,1.88964,1.82215,1.88964,0,0
MEX,PB,D,20220309,000000,1.88964,1.88964,1.88964,1.88964,0,0
MEX,PB,D,20220310,000000,1.88964,1.88964,1.88964,1.88964,0,0
MEX,PB,D,20220311,000000,1.88964,1.88964,1.88964,1.88964,0,0
MEX,PB,D,20220314,000000,1.88964,1.88964,1.88,1.88,0,0
MEX,PB,D,20220315,000000,1.93785,1.93785,1.84144,1.91856,0,0
MEX,PB,D,20220316,000000,1.93785,1.93785,1.93785,1.93785,0,0
MEX,PB,D,20220317,000000,1.91856,2.18851,1.91856,2.16923,0,0
MEX,PB,D,20220318,000000,2.16923,2.24636,2.15959,2.15959,0,0
MEX,PB,D,20220321,000000,2.19815,2.19815,2.16923,2.19815,0,0
MEX,PB,D,20220322,000000,2.19815,2.19815,2.16923,2.16923,0,0
MEX,PB,D,20220323,000000,2.11138,2.15959,2.11138,2.15959,0,0
MEX,PB,D,20220324,000000,2.15959,2.18851,2.0439,2.14995,0,0
MEX,PB,D,20220325,000000,2.16923,2.16923,2.10174,2.10174,0,0
MEX,PB,D,20220328,000000,2.16923,2.16923,2.01497,2.0439,0,0
MEX,PB,D,20220329,000000,2.12103,2.12103,1.97641,2.00533,0,0
MEX,PB,D,20220330,000000,2.12103,2.21744,2.03426,2.21744,0,0
MEX,PB,D,20220331,000000,2.21744,2.21744,2.16923,2.20779,0,0
MEX,PB,D,20220401,000000,2.20779,2.26564,2.20779,2.26564,0,0
MEX,PB,D,20220404,000000,2.256,2.34277,2.24636,2.34277,0,0
MEX,PB,D,20220405,000000,2.24636,2.4681,2.24636,2.4681,0,0
MEX,PB,D,20220406,000000,2.4681,2.49703,2.38133,2.4681,0,0
MEX,PB,D,20220407,000000,2.4681,2.4681,2.34277,2.38133,0,0
MEX,PB,D,20220408,000000,2.38133,2.42954,2.38133,2.42954,0,0
MEX,PB,D,20220411,000000,2.40062,2.4681,2.20779,2.4681,0,0
MEX,PB,D,20220412,000000,2.4681,2.4681,2.40062,2.42954,0,0
MEX,PB,D,20220413,000000,2.4681,2.4681,2.4681,2.4681,0,0
MEX,PB,D,20220414,000000,2.43918,2.43918,2.43918,2.43918,0,0
MEX,PB,D,20220419,000000,2.43918,2.43918,2.35241,2.43918,0,0
MEX,PB,D,20220420,000000,2.42954,2.42954,2.35241,2.42954,0,0
MEX,PB,D,20220421,000000,2.4199,2.4199,2.34277,2.34277,0,0
MEX,PB,D,20220422,000000,2.40062,2.40062,2.40062,2.40062,0,0
MEX,PB,D,20220425,000000,2.17887,2.38133,2.17887,2.38133,0,0
MEX,PB,D,20220426,000000,2.4199,2.4199,2.20779,2.256,0,0
MEX,PB,D,20220427,000000,2.29456,2.42954,2.256,2.31385,0,0
MEX,PB,D,20220428,000000,2.28492,2.34277,2.17887,2.34277,0,0
MEX,PB,D,20220429,000000,2.34277,2.4681,2.29456,2.4681,0,0
MEX,PB,D,20220502,000000,2.4681,2.4681,2.34277,2.4681,0,0
MEX,PB,D,20220504,000000,2.4681,2.4681,2.34277,2.34277,0,0
MEX,PB,D,20220505,000000,2.4681,2.4681,2.4199,2.4199,0,0
MEX,PB,D,20220506,000000,2.4681,2.4681,2.44882,2.44882,0,0
MEX,PB,D,20220509,000000,2.44882,2.44882,2.22708,2.29456,0,0
MEX,PB,D,20220510,000000,2.29456,2.34277,2.24636,2.33313,0,0
MEX,PB,D,20220511,000000,2.33313,2.33313,2.23672,2.24636,0,0
MEX,PB,D,20220512,000000,2.11138,2.20779,2.11138,2.20779,0,0
MEX,PB,D,20220513,000000,2.16923,2.16923,2.11138,2.15959,0,0
MEX,PB,D,20220516,000000,2.15959,2.33313,2.14995,2.33313,0,0
MEX,PB,D,20220517,000000,2.33313,2.33313,2.18851,2.33313,0,0
MEX,PB,D,20220518,000000,2.33313,2.33313,2.33313,2.33313,0,0
MEX,PB,D,20220519,000000,2.33313,2.49703,2.19815,2.49703,0,0
MEX,PB,D,20220520,000000,2.49703,2.49703,2.49703,2.49703,0,0
MEX,PB,D,20220523,000000,2.49703,2.49703,2.45846,2.47774,0,0
MEX,PB,D,20220524,000000,2.47774,2.47774,2.47774,2.47774,0,0
MEX,PB,D,20220525,000000,2.47774,2.47774,2.32349,2.47774,0,0
MEX,PB,D,20220526,000000,2.47774,2.47774,2.32349,2.4199,0,0
MEX,PB,D,20220527,000000,2.47774,2.47774,2.4199,2.45846,0,0
MEX,PB,D,20220530,000000,2.4199,2.62236,2.4199,2.50667,0,0
MEX,PB,D,20220531,000000,2.62236,2.62236,2.30421,2.45846,0,0
MEX,PB,D,20220601,000000,2.45846,2.45846,2.26564,2.32349,0,0
MEX,PB,D,20220602,000000,2.45846,2.45846,2.32349,2.32349,0,0
MEX,PB,D,20220603,000000,2.31385,2.31385,2.31385,2.31385,0,0
MEX,PB,D,20220606,000000,2.29456,2.29456,2.26564,2.26564,0,0
MEX,PB,D,20220607,000000,2.26564,2.26564,2.26564,2.26564,0,0
MEX,PB,D,20220608,000000,2.45846,2.45846,2.32349,2.42954,0,0
MEX,PB,D,20220609,000000,2.32349,2.42954,2.32349,2.32349,0,0
MEX,PB,D,20220610,000000,2.32349,2.80554,2.26564,2.80554,0,0
MEX,PB,D,20220613,000000,2.82482,2.82482,2.59344,2.7959,0,0
MEX,PB,D,20220614,000000,2.7959,2.7959,2.7959,2.7959,0,0
MEX,PB,D,20220615,000000,2.77662,2.77662,2.77662,2.77662,0,0
MEX,PB,D,20220617,000000,2.77662,2.77662,2.77662,2.77662,0,0
MEX,PB,D,20220620,000000,2.77662,2.77662,2.77662,2.77662,0,0
MEX,PB,D,20220621,000000,2.77662,2.77662,2.77662,2.77662,0,0
MEX,PB,D,20220622,000000,2.70913,2.70913,2.69949,2.70913,0,0
MEX,PB,D,20220623,000000,2.70913,2.77662,2.59344,2.77662,0,0
MEX,PB,D,20220624,000000,2.77662,2.77662,2.77662,2.77662,0,0
MEX,PB,D,20220627,000000,2.77662,2.77662,2.77662,2.77662,0,0
MEX,PB,D,20220628,000000,2.77662,2.77662,2.77662,2.77662,0,0
MEX,PB,D,20220629,000000,2.77662,2.77662,2.59344,2.59344,0,0
MEX,PB,D,20220630,000000,2.77662,2.77662,2.77662,2.77662,0,0
MEX,PB,D,20220701,000000,2.77662,2.77662,2.77662,2.77662,0,0
MEX,PB,D,20220704,000000,2.77662,2.77662,2.77662,2.77662,0,0
MEX,PB,D,20220705,000000,2.77662,2.77662,2.77662,2.77662,0,0
MEX,PB,D,20220706,000000,2.77662,2.77662,2.77662,2.77662,0,0
MEX,PB,D,20220707,000000,2.77662,2.77662,2.59344,2.77662,0,0
MEX,PB,D,20220708,000000,2.77662,2.77662,2.77662,2.77662,0,0
MEX,PB,D,20220711,000000,2.77662,2.77662,2.58379,2.77662,0,0
MEX,PB,D,20220712,000000,2.77662,2.77662,2.77662,2.77662,0,0
MEX,PB,D,20220713,000000,2.77662,2.77662,2.77662,2.77662,0,0
MEX,PB,D,20220714,000000,2.77662,2.77662,2.58379,2.77662,0,0
MEX,PB,D,20220715,000000,2.77662,2.77662,2.77662,2.77662,0,0
MEX,PB,D,20220718,000000,2.77662,2.77662,2.77662,2.77662,0,0
MEX,PB,D,20220719,000000,2.77662,2.77662,2.77662,2.77662,0,0
MEX,PB,D,20220720,000000,2.77662,2.77662,2.77662,2.77662,0,0
MEX,PB,D,20220721,000000,2.77662,2.77662,2.77662,2.77662,0,0
MEX,PB,D,20220722,000000,2.77662,2.77662,2.77662,2.77662,0,0
MEX,PB,D,20220725,000000,2.76697,2.76697,2.76697,2.76697,0,0
MEX,PB,D,20220726,000000,2.76697,2.76697,2.76697,2.76697,0,0
MEX,PB,D,20220727,000000,2.76697,2.76697,2.76697,2.76697,0,0
MEX,PB,D,20220728,000000,2.65128,2.65128,2.56451,2.56451,0,0
MEX,PB,D,20220729,000000,2.47774,2.65128,2.47774,2.65128,0,0
MEX,PB,D,20220802,000000,2.65128,2.65128,2.65128,2.65128,0,0
MEX,PB,D,20220803,000000,2.49703,2.65128,2.43918,2.64164,0,0
MEX,PB,D,20220804,000000,2.38133,2.61272,2.38133,2.61272,0,0
MEX,PB,D,20220805,000000,2.38133,2.53559,2.38133,2.53559,0,0
MEX,PB,D,20220808,000000,2.40062,2.64164,2.40062,2.64164,0,0
MEX,PB,D,20220809,000000,2.64164,2.76697,2.64164,2.76697,0,0
MEX,PB,D,20220810,000000,2.76697,2.76697,2.76697,2.76697,0,0
MEX,PB,D,20220811,000000,2.76697,2.76697,2.76697,2.76697,0,0
MEX,PB,D,20220812,000000,2.76697,2.76697,2.58379,2.76697,0,0
MEX,PB,D,20220816,000000,2.70913,2.76697,2.57415,2.70913,0,0
MEX,PB,D,20220817,000000,2.70913,2.70913,2.52595,2.52595,0,0
MEX,PB,D,20220818,000000,2.66092,2.66092,2.59344,2.59344,0,0
MEX,PB,D,20220819,000000,2.64164,2.64164,2.43918,2.43918,0,0
MEX,PB,D,20220822,000000,2.59344,2.59344,2.59344,2.59344,0,0
MEX,PB,D,20220823,000000,2.59344,2.59344,2.59344,2.59344,0,0
MEX,PB,D,20220824,000000,2.58379,2.58379,2.58379,2.58379,0,0
MEX,PB,D,20220825,000000,2.57415,2.57415,2.56451,2.56451,0,0
MEX,PB,D,20220826,000000,2.54523,2.54523,2.54523,2.54523,0,0
MEX,PB,D,20220829,000000,2.53559,2.70913,2.53559,2.70913,0,0
MEX,PB,D,20220830,000000,2.65128,2.65128,2.65128,2.65128,0,0
MEX,PB,D,20220831,000000,2.65128,2.65128,2.65128,2.65128,0,0
MEX,PB,D,20220901,000000,2.65128,2.65128,2.65128,2.65128,0,0
MEX,PB,D,20220902,000000,2.65128,2.65128,2.54523,2.632,0,0
MEX,PB,D,20220905,000000,2.64164,2.64164,2.59344,2.59344,0,0
MEX,PB,D,20220906,000000,2.64164,2.64164,2.64164,2.64164,0,0
MEX,PB,D,20220907,000000,2.54523,2.65128,2.50667,2.65128,0,0
MEX,PB,D,20220908,000000,2.65128,2.65128,2.64164,2.64164,0,0
MEX,PB,D,20220909,000000,2.64164,2.64164,2.64164,2.64164,0,0
MEX,PB,D,20220912,000000,2.64164,2.64164,2.45846,2.64164,0,0
MEX,PB,D,20220913,000000,2.64164,2.64164,2.50667,2.632,0,0
MEX,PB,D,20220914,000000,2.64164,2.64164,2.50667,2.61272,0,0
MEX,PB,D,20220915,000000,2.61272,2.64164,2.41026,2.64164,0,0
MEX,PB,D,20220916,000000,2.64164,2.64164,2.50667,2.64164,0,0
MEX,PB,D,20220919,000000,2.64164,2.64164,2.37169,2.37169,0,0
MEX,PB,D,20220920,000000,2.10174,2.31385,2.10174,2.30421,0,0
MEX,PB,D,20220921,000000,2.30421,2.34277,2.256,2.34277,0,0
MEX,PB,D,20220922,000000,2.33313,2.33313,2.10174,2.19815,0,0
MEX,PB,D,20220923,000000,2.29456,2.29456,2.06318,2.17887,0,0
MEX,PB,D,20220926,000000,2.20779,2.20779,2.03426,2.03426,0,0
MEX,PB,D,20220927,000000,2.17887,2.17887,2.17887,2.17887,0,0
MEX,PB,D,20220928,000000,2.07282,2.16923,2.07282,2.16923,0,0
MEX,PB,D,20220929,000000,2.15959,2.15959,2.03426,2.14995,0,0
MEX,PB,D,20220930,000000,2.14995,2.14995,2.14995,2.14995,0,0
MEX,PB,D,20221004,000000,2.14995,2.14995,2.0921,2.14995,0,0
MEX,PB,D,20221005,000000,2.14031,2.14031,2.08246,2.08246,0,0
MEX,PB,D,20221006,000000,2.14031,2.14031,1.85108,1.85108,0,0
MEX,PB,D,20221007,000000,1.85108,1.85108,1.80287,1.80287,0,0
MEX,PB,D,20221010,000000,1.85108,1.85108,1.75467,1.75467,0,0
MEX,PB,D,20221011,000000,1.84144,1.84144,1.84144,1.84144,0,0
MEX,PB,D,20221012,000000,1.83179,1.83179,1.69682,1.74503,0,0
MEX,PB,D,20221013,000000,1.74503,1.81251,1.74503,1.75467,0,0
MEX,PB,D,20221014,000000,1.80287,1.80287,1.80287,1.80287,0,0
MEX,PB,D,20221018,000000,1.68718,1.75467,1.68718,1.75467,0,0
MEX,PB,D,20221019,000000,1.72574,1.81251,1.69682,1.69682,0,0
MEX,PB,D,20221020,000000,1.83179,1.84144,1.79323,1.79323,0,0
MEX,PB,D,20221021,000000,1.75467,1.75467,1.74503,1.74503,0,0
MEX,PB,D,20221024,000000,1.85108,1.85108,1.80287,1.80287,0,0
MEX,PB,D,20221025,000000,1.85108,1.95713,1.85108,1.88964,0,0
MEX,PB,D,20221026,000000,1.89928,2.02462,1.89928,1.98605,0,0
MEX,PB,D,20221027,000000,1.98605,1.98605,1.81251,1.89928,0,0
MEX,PB,D,20221028,000000,2.12103,2.12103,1.86072,1.88964,0,0
MEX,PB,D,20221031,000000,1.88,1.88,1.79323,1.88,0,0
MEX,PB,D,20221102,000000,1.70646,1.87036,1.70646,1.87036,0,0
MEX,PB,D,20221103,000000,1.87036,1.87036,1.87036,1.87036,0,0
MEX,PB,D,20221104,000000,1.78359,1.87036,1.78359,1.87036,0,0
MEX,PB,D,20221107,000000,1.93785,2.08246,1.89928,2.06318,0,0
MEX,PB,D,20221108,000000,2.06318,2.06318,1.88,1.98605,0,0
MEX,PB,D,20221109,000000,1.96677,1.98605,1.89928,1.93785,0,0
MEX,PB,D,20221110,000000,1.93785,1.93785,1.75467,1.75467,0,0
MEX,PB,D,20221114,000000,1.85108,2.00533,1.76431,1.76431,0,0
MEX,PB,D,20221115,000000,1.94749,1.94749,1.85108,1.85108,0,0
MEX,PB,D,20221116,000000,1.84144,1.84144,1.84144,1.84144,0,0
MEX,PB,D,20221117,000000,1.84144,1.84144,1.75467,1.83179,0,0
MEX,PB,D,20221118,000000,1.84144,1.84144,1.76431,1.76431,0,0
MEX,PB,D,20221121,000000,1.83179,1.83179,1.77395,1.81251,0,0
MEX,PB,D,20221122,000000,1.84144,1.92821,1.78359,1.92821,0,0
MEX,PB,D,20221123,000000,1.92821,1.92821,1.77395,1.90892,0,0
MEX,PB,D,20221124,000000,1.88964,1.88964,1.88964,1.88964,0,0
MEX,PB,D,20221125,000000,1.85108,2.30421,1.81251,2.14995,0,0
MEX,PB,D,20221128,000000,2.23672,2.28492,2.11138,2.28492,0,0
MEX,PB,D,20221129,000000,2.26564,2.28492,2.10174,2.26564,0,0
MEX,PB,D,20221130,000000,2.10174,2.26564,2.0921,2.26564,0,0
MEX,PB,D,20221201,000000,2.24636,2.24636,2.01497,2.01497,0,0
MEX,PB,D,20221202,000000,2.20779,2.20779,2.0439,2.07282,0,0
MEX,PB,D,20221205,000000,2.10174,2.10174,2.03426,2.10174,0,0
MEX,PB,D,20221206,000000,2.10174,2.10174,2.03426,2.03426,0,0
MEX,PB,D,20221207,000000,2.18851,2.18851,2.03426,2.08246,0,0
MEX,PB,D,20221208,000000,2.11138,2.11138,1.98605,2.03426,0,0
MEX,PB,D,20221209,000000,2.03426,2.03426,2.03426,2.03426,0,0
MEX,PB,D,20221212,000000,2.03426,2.20779,2.03426,2.20779,0,0
MEX,PB,D,20221213,000000,2.20779,2.20779,1.45579,1.45579,0,0
MEX,PB,D,20221214,000000,1.46544,1.46544,1.40759,1.40759,0,0
MEX,PB,D,20221215,000000,1.46544,1.53292,1.43651,1.53292,0,0
MEX,PB,D,20221216,000000,1.52328,1.52328,1.31118,1.31118,0,0
MEX,PB,D,20221219,000000,1.44615,1.44615,1.33046,1.34974,0,0
MEX,PB,D,20221220,000000,1.42687,1.42687,1.31118,1.34974,0,0
MEX,PB,D,20221221,000000,1.34974,1.34974,1.33046,1.33046,0,0
MEX,PB,D,20221222,000000,1.34974,1.34974,1.34974,1.34974,0,0
MEX,PB,D,20221223,000000,1.40759,1.40759,1.32082,1.40759,0,0
MEX,PB,D,20221227,000000,1.40759,1.40759,1.34974,1.34974,0,0
MEX,PB,D,20221228,000000,1.38831,1.45579,1.36903,1.45579,0,0
MEX,PB,D,20221229,000000,1.44615,1.45579,1.41723,1.44615,0,0
MEX,PB,D,20221230,000000,1.44615,1.44615,1.40759,1.40759,0,0
MEX,PB,D,20230102,000000,1.43651,1.57149,1.40759,1.57149,0,0
MEX,PB,D,20230103,000000,1.53292,1.60041,1.42687,1.60041,0,0
MEX,PB,D,20230104,000000,1.60041,1.73538,1.44615,1.63897,0,0
MEX,PB,D,20230105,000000,1.63897,1.72574,1.54256,1.67754,0,0
MEX,PB,D,20230109,000000,1.53292,1.67754,1.53292,1.61005,0,0
MEX,PB,D,20230110,000000,1.65826,1.65826,1.54256,1.65826,0,0
MEX,PB,D,20230111,000000,1.65826,1.65826,1.61005,1.63897,0,0
MEX,PB,D,20230112,000000,1.69682,1.69682,1.54256,1.54256,0,0
MEX,PB,D,20230113,000000,1.67754,1.67754,1.504,1.504,0,0
MEX,PB,D,20230116,000000,1.51364,1.51364,1.44615,1.44615,0,0
MEX,PB,D,20230117,000000,1.51364,1.60041,1.51364,1.51364,0,0
MEX,PB,D,20230118,000000,1.60041,1.60041,1.60041,1.60041,0,0
MEX,PB,D,20230119,000000,1.60041,1.60041,1.60041,1.60041,0,0
MEX,PB,D,20230120,000000,1.59077,1.59077,1.504,1.56185,0,0
MEX,PB,D,20230123,000000,1.54256,1.56185,1.54256,1.56185,0,0
MEX,PB,D,20230124,000000,1.56185,1.56185,1.504,1.51364,0,0
MEX,PB,D,20230125,000000,1.56185,1.56185,1.44615,1.504,0,0
MEX,PB,D,20230126,000000,1.56185,1.56185,1.48472,1.48472,0,0
MEX,PB,D,20230127,000000,1.36903,1.48472,1.36903,1.39795,0,0
MEX,PB,D,20230130,000000,1.44615,1.54256,1.44615,1.54256,0,0
MEX,PB,D,20230131,000000,1.48472,1.48472,1.45579,1.48472,0,0
MEX,PB,D,20230201,000000,1.48472,1.48472,1.42687,1.47508,0,0
MEX,PB,D,20230202,000000,1.47508,1.47508,1.47508,1.47508,0,0
MEX,PB,D,20230203,000000,1.47508,1.47508,1.45579,1.47508,0,0
MEX,PB,D,20230206,000000,1.47508,1.47508,1.46544,1.47508,0,0
MEX,PB,D,20230207,000000,1.47508,1.47508,1.47508,1.47508,0,0
MEX,PB,D,20230208,000000,1.47508,1.47508,1.41723,1.47508,0,0
MEX,PB,D,20230209,000000,1.47508,1.47508,1.47508,1.47508,0,0
MEX,PB,D,20230210,000000,1.47508,1.47508,1.43651,1.47508,0,0
MEX,PB,D,20230213,000000,1.48472,1.57149,1.48472,1.53292,0,0
MEX,PB,D,20230214,000000,1.58113,1.58113,1.54256,1.58113,0,0
MEX,PB,D,20230215,000000,1.47508,1.58113,1.47508,1.58113,0,0
MEX,PB,D,20230216,000000,1.57149,1.58113,1.52328,1.55221,0,0
MEX,PB,D,20230217,000000,1.54256,1.54256,1.47508,1.54256,0,0
MEX,PB,D,20230220,000000,1.55221,1.55221,1.48472,1.52328,0,0
MEX,PB,D,20230221,000000,1.52328,1.55221,1.48472,1.55221,0,0
MEX,PB,D,20230222,000000,1.55221,1.55221,1.55221,1.55221,0,0
MEX,PB,D,20230223,000000,1.55221,1.55221,1.49436,1.49436,0,0
MEX,PB,D,20230224,000000,1.55221,1.55221,1.55221,1.55221,0,0
MEX,PB,D,20230227,000000,1.55221,1.55221,1.48472,1.54256,0,0
MEX,PB,D,20230228,000000,1.55221,1.55221,1.54256,1.55221,0,0
MEX,PB,D,20230301,000000,1.55221,1.57149,1.55221,1.57149,0,0
MEX,PB,D,20230302,000000,1.58113,1.58113,1.54256,1.58113,0,0
MEX,PB,D,20230303,000000,1.58113,1.58113,1.56185,1.56185,0,0
MEX,PB,D,20230306,000000,1.56185,1.56185,1.54256,1.56185,0,0
MEX,PB,D,20230307,000000,1.58113,1.82215,1.56185,1.80287,0,0
MEX,PB,D,20230308,000000,1.82215,1.93785,1.82215,1.92821,0,0
MEX,PB,D,20230309,000000,1.92821,1.92821,1.80287,1.87036,0,0
MEX,PB,D,20230310,000000,1.86072,1.91856,1.76431,1.86072,0,0
MEX,PB,D,20230313,000000,1.86072,1.86072,1.78359,1.85108,0,0
MEX,PB,D,20230314,000000,1.83179,1.83179,1.79323,1.83179,0,0
MEX,PB,D,20230315,000000,1.83179,1.91856,1.83179,1.89928,0,0
MEX,PB,D,20230316,000000,1.91856,1.91856,1.83179,1.83179,0,0
MEX,PB,D,20230317,000000,1.88964,1.88964,1.88964,1.88964,0,0
MEX,PB,D,20230320,000000,1.88964,1.89928,1.85108,1.89928,0,0
MEX,PB,D,20230321,000000,1.93785,2.0921,1.93785,2.03426,0,0
MEX,PB,D,20230322,000000,2.00533,2.00533,1.95713,1.96677,0,0
MEX,PB,D,20230323,000000,1.97641,2.05354,1.93785,1.93785,0,0
MEX,PB,D,20230324,000000,2.05354,2.05354,1.90892,1.98605,0,0
MEX,PB,D,20230327,000000,1.94749,1.99569,1.94749,1.99569,0,0
MEX,PB,D,20230328,000000,1.96677,1.98605,1.96677,1.98605,0,0
MEX,PB,D,20230329,000000,1.99569,1.99569,1.94749,1.94749,0,0
MEX,PB,D,20230330,000000,1.99569,1.99569,1.96677,1.99569,0,0
MEX,PB,D,20230331,000000,2.05354,2.05354,1.99569,2.05354,0,0
MEX,PB,D,20230403,000000,2.0921,2.0921,2.03426,2.0921,0,0
MEX,PB,D,20230404,000000,2.0921,2.22708,2.0921,2.22708,0,0
MEX,PB,D,20230405,000000,2.22708,2.22708,2.06318,2.18851,0,0
MEX,PB,D,20230406,000000,2.17887,2.17887,2.00533,2.17887,0,0
MEX,PB,D,20230411,000000,2.01497,2.16923,1.98605,2.16923,0,0
MEX,PB,D,20230412,000000,2.16923,2.16923,2.0921,2.11138,0,0
MEX,PB,D,20230413,000000,2.11138,2.11138,2.01497,2.05354,0,0
MEX,PB,D,20230414,000000,2.03426,2.05354,1.95713,2.05354,0,0
MEX,PB,D,20230417,000000,2.05354,2.05354,1.99569,2.05354,0,0
MEX,PB,D,20230418,000000,2.05354,2.05354,2.01497,2.05354,0,0
MEX,PB,D,20230419,000000,2.05354,2.05354,2.05354,2.05354,0,0
MEX,PB,D,20230420,000000,2.06318,2.11138,2.06318,2.11138,0,0
MEX,PB,D,20230421,000000,2.11138,2.11138,1.87036,1.87036,0,0
MEX,PB,D,20230424,000000,1.90892,1.90892,1.88,1.89928,0,0
MEX,PB,D,20230425,000000,1.89928,1.89928,1.89928,1.89928,0,0
MEX,PB,D,20230426,000000,1.85108,1.89928,1.85108,1.89928,0,0
MEX,PB,D,20230427,000000,1.89928,1.89928,1.84144,1.89928,0,0
MEX,PB,D,20230428,000000,1.89928,1.89928,1.83179,1.86072,0,0
MEX,PB,D,20230502,000000,1.86072,1.89928,1.84144,1.89928,0,0
MEX,PB,D,20230504,000000,1.89928,1.89928,1.83179,1.88,0,0
MEX,PB,D,20230505,000000,1.88,1.88,1.83179,1.88,0,0
MEX,PB,D,20230508,000000,1.83179,1.83179,1.64862,1.83179,0,0
MEX,PB,D,20230509,000000,1.83179,1.83179,1.6679,1.82215,0,0
MEX,PB,D,20230510,000000,1.83179,1.92821,1.75467,1.92821,0,0
MEX,PB,D,20230511,000000,1.85108,1.97641,1.78359,1.89928,0,0
MEX,PB,D,20230512,000000,1.84144,1.89928,1.78359,1.82215,0,0
MEX,PB,D,20230515,000000,1.82215,1.82215,1.81251,1.82215,0,0
MEX,PB,D,20230516,000000,1.82215,1.82215,1.70646,1.75467,0,0
MEX,PB,D,20230517,000000,1.82215,1.87036,1.81251,1.87036,0,0
MEX,PB,D,20230518,000000,1.87036,1.87036,1.84144,1.87036,0,0
MEX,PB,D,20230519,000000,1.87036,1.98605,1.84144,1.98605,0,0
MEX,PB,D,20230522,000000,1.93785,2.01497,1.92821,2.01497,0,0
MEX,PB,D,20230523,000000,1.98605,1.98605,1.93785,1.94749,0,0
MEX,PB,D,20230524,000000,1.98605,1.98605,1.98605,1.98605,0,0
MEX,PB,D,20230525,000000,2.01497,2.16923,2.01497,2.12103,0,0
MEX,PB,D,20230526,000000,2.12103,2.32349,2.06318,2.32349,0,0
MEX,PB,D,20230529,000000,2.22708,2.34277,2.12103,2.17887,0,0
MEX,PB,D,20230530,000000,2.12103,2.30421,2.12103,2.30421,0,0
MEX,PB,D,20230531,000000,2.30421,2.39097,2.30421,2.39097,0,0
MEX,PB,D,20230601,000000,2.40062,2.4199,2.16923,2.34277,0,0
MEX,PB,D,20230602,000000,2.34277,2.34277,2.22708,2.31385,0,0
MEX,PB,D,20230605,000000,2.31385,2.31385,2.11138,2.30421,0,0
MEX,PB,D,20230606,000000,2.26564,2.26564,2.20779,2.24636,0,0
MEX,PB,D,20230607,000000,2.24636,2.24636,2.22708,2.22708,0,0
MEX,PB,D,20230609,000000,2.24636,2.24636,2.22708,2.23672,0,0
MEX,PB,D,20230612,000000,2.20779,2.20779,2.17887,2.17887,0,0
MEX,PB,D,20230613,000000,2.20779,2.23672,2.18851,2.18851,0,0
MEX,PB,D,20230614,000000,2.15959,2.17887,2.15959,2.17887,0,0
MEX,PB,D,20230615,000000,2.17887,2.17887,2.11138,2.12103,0,0
MEX,PB,D,20230616,000000,2.16923,2.16923,2.0921,2.11138,0,0
MEX,PB,D,20230619,000000,2.11138,2.22708,2.11138,2.22708,0,0
MEX,PB,D,20230620,000000,2.22708,2.37169,2.22708,2.26564,0,0
MEX,PB,D,20230621,000000,2.26564,2.40062,2.26564,2.39097,0,0
MEX,PB,D,20230622,000000,2.39097,2.42954,2.35241,2.41026,0,0
MEX,PB,D,20230623,000000,2.41026,2.41026,2.28492,2.38133,0,0
MEX,PB,D,20230626,000000,2.41026,2.41026,2.35241,2.41026,0,0
MEX,PB,D,20230627,000000,2.41026,2.41026,2.26564,2.29456,0,0
MEX,PB,D,20230628,000000,2.30421,2.41026,2.12103,2.20779,0,0
MEX,PB,D,20230629,000000,2.38133,2.38133,2.13067,2.20779,0,0
MEX,PB,D,20230630,000000,2.38133,2.38133,2.20779,2.20779,0,0
MEX,PB,D,20230703,000000,2.41,2.41,2.21,2.3,0,0
MEX,PB,D,20230704,000000,2.29,2.29,2.21,2.23,0,0
MEX,PB,D,20230705,000000,2.22,2.22,2.02,2.19,0,0
MEX,PB,D,20230706,000000,2.14,2.14,2.14,2.14,0,0
MEX,PB,D,20230707,000000,2.22,2.22,2.16,2.16,0,0
MEX,PB,D,20230710,000000,2.26,2.26,2.12,2.13,0,0
MEX,PB,D,20230711,000000,2.19,2.19,2.13,2.19,0,0
MEX,PB,D,20230712,000000,2.19,2.19,2.11,2.14,0,0
MEX,PB,D,20230713,000000,2.15,2.18,2.15,2.18,0,0
MEX,PB,D,20230714,000000,2.17,2.17,2.12,2.17,0,0
MEX,PB,D,20230717,000000,2.17,2.23,2.06,2.23,0,0
MEX,PB,D,20230718,000000,2.23,2.39,2.23,2.39,0,0
MEX,PB,D,20230719,000000,2.39,2.39,2.31,2.39,0,0
MEX,PB,D,20230720,000000,2.39,2.54,2.39,2.54,0,0
MEX,PB,D,20230721,000000,2.54,2.54,2.53,2.54,0,0
MEX,PB,D,20230724,000000,2.51,2.51,2.44,2.47,0,0
MEX,PB,D,20230725,000000,2.51,2.51,2.51,2.51,0,0
MEX,PB,D,20230726,000000,2.46,2.46,2.41,2.46,0,0
MEX,PB,D,20230727,000000,2.46,2.46,2.41,2.46,0,0
MEX,PB,D,20230728,000000,2.44,2.44,2.38,2.44,0,0
MEX,PB,D,20230731,000000,2.37,2.39,2.37,2.39,0,0
MEX,PB,D,20230801,000000,2.4,2.4,2.37,2.38,0,0
MEX,PB,D,20230802,000000,2.36,2.36,2.36,2.36,0,0
MEX,PB,D,20230803,000000,2.39,2.42,2.37,2.42,0,0
MEX,PB,D,20230804,000000,2.42,2.42,2.37,2.42,0,0
MEX,PB,D,20230807,000000,2.42,2.42,2.373,2.385,0,0
MEX,PB,D,20230808,000000,2.408,2.408,2.361,2.408,0,0
MEX,PB,D,20230809,000000,2.408,2.408,2.361,2.362,0,0
MEX,PB,D,20230810,000000,2.408,2.408,2.408,2.408,0,0
MEX,PB,D,20230811,000000,2.408,2.408,2.35,2.408,0,0
MEX,PB,D,20230814,000000,2.408,2.408,2.326,2.349,0,0
MEX,PB,D,20230816,000000,2.402,2.402,2.373,2.385,0,0
MEX,PB,D,20230817,000000,2.385,2.385,2.297,2.385,0,0
MEX,PB,D,20230818,000000,2.385,2.385,2.373,2.379,0,0
MEX,PB,D,20230821,000000,2.379,2.379,2.344,2.344,0,0
MEX,PB,D,20230822,000000,2.385,2.385,2.355,2.356,0,0
MEX,PB,D,20230823,000000,2.385,2.385,2.379,2.379,0,0
MEX,PB,D,20230824,000000,2.303,2.379,2.291,2.309,0,0
MEX,PB,D,20230825,000000,2.379,2.385,2.379,2.385,0,0
MEX,PB,D,20230828,000000,2.385,2.385,2.379,2.379,0,0
MEX,PB,D,20230829,000000,2.379,2.379,2.379,2.379,0,0
MEX,PB,D,20230830,000000,2.361,2.362,2.361,2.362,0,0
MEX,PB,D,20230831,000000,2.35,2.362,2.35,2.362,0,0
MEX,PB,D,20230901,000000,2.361,2.362,2.361,2.362,0,0
MEX,PB,D,20230904,000000,2.361,2.362,2.361,2.362,0,0
MEX,PB,D,20230905,000000,2.361,2.361,2.291,2.349,0,0
MEX,PB,D,20230906,000000,2.35,2.35,2.261,2.314,0,0
MEX,PB,D,20230907,000000,2.314,2.314,2.25,2.314,0,0
MEX,PB,D,20230908,000000,2.314,2.314,2.314,2.314,0,0
MEX,PB,D,20230911,000000,2.314,2.314,2.232,2.232,0,0
MEX,PB,D,20230912,000000,2.232,2.232,2.15,2.15,0,0
MEX,PB,D,20230913,000000,2.185,2.274,2.185,2.274,0,0
MEX,PB,D,20230914,000000,2.273,2.273,2.191,2.232,0,0
MEX,PB,D,20230915,000000,2.232,2.309,2.226,2.309,0,0
MEX,PB,D,20230918,000000,2.308,2.308,2.232,2.256,0,0
MEX,PB,D,20230919,000000,2.256,2.256,2.256,2.256,0,0
MEX,PB,D,20230920,000000,2.256,2.256,2.232,2.232,0,0
MEX,PB,D,20230921,000000,2.256,2.256,2.197,2.256,0,0
MEX,PB,D,20230922,000000,2.256,2.256,2.256,2.256,0,0
MEX,PB,D,20230925,000000,2.256,2.256,2.197,2.197,0,0
MEX,PB,D,20230926,000000,2.25,2.25,2.197,2.197,0,0
MEX,PB,D,20230927,000000,2.25,2.25,2.197,2.25,0,0
MEX,PB,D,20230928,000000,2.25,2.362,2.25,2.362,0,0
MEX,PB,D,20230929,000000,2.385,2.385,2.35,2.385,0,0
MEX,PB,D,20231002,000000,2.385,2.385,2.314,2.314,0,0
MEX,PB,D,20231003,000000,2.314,2.385,2.314,2.379,0,0
MEX,PB,D,20231004,000000,2.385,2.385,2.291,2.367,0,0
