<TICKER>,<INDICATOR>,<PER>,<DATE>,<TIME>,<OPEN>,<HIGH>,<LOW>,<CLOSE>,<VOL>,<OPENINT>
STX,PE,D,20070813,000000,15.6882,15.6882,15.6882,15.6882,0,0
STX,PE,D,20070814,000000,14.6464,14.6464,14.6464,14.6464,0,0
STX,PE,D,20070816,000000,11.8671,11.8671,11.8671,11.8671,0,0
STX,PE,D,20070817,000000,11.635,11.635,11.635,11.635,0,0
STX,PE,D,20070820,000000,12.0408,12.0408,12.0408,12.0408,0,0
STX,PE,D,20070821,000000,11.2886,11.2886,11.2886,11.2886,0,0
STX,PE,D,20070822,000000,11.9832,11.9832,11.9832,11.9832,0,0
STX,PE,D,20070823,000000,16.3837,16.3837,16.3837,16.3837,0,0
STX,PE,D,20070824,000000,18.3514,18.3514,18.3514,18.3514,0,0
STX,PE,D,20070827,000000,18.4674,18.4674,18.4674,18.4674,0,0
STX,PE,D,20070828,000000,18.0031,18.0031,18.0031,18.0031,0,0
STX,PE,D,20070829,000000,19.1611,19.1611,19.1611,19.1611,0,0
STX,PE,D,20070830,000000,20.4351,20.4351,20.4351,20.4351,0,0
STX,PE,D,20070831,000000,21.0721,21.0721,21.0721,21.0721,0,0
STX,PE,D,20070903,000000,21.1306,21.1306,21.1306,21.1306,0,0
STX,PE,D,20070904,000000,21.3609,21.3609,21.3609,21.3609,0,0
STX,PE,D,20070905,000000,20.5502,20.5502,20.5502,20.5502,0,0
STX,PE,D,20070906,000000,19.8556,19.8556,19.8556,19.8556,0,0
STX,PE,D,20070907,000000,18.8138,18.8138,18.8138,18.8138,0,0
STX,PE,D,20070910,000000,18.2362,18.2362,18.2362,18.2362,0,0
STX,PE,D,20070911,000000,18.8723,18.8723,18.8723,18.8723,0,0
STX,PE,D,20070912,000000,18.6986,18.6986,18.6986,18.6986,0,0
STX,PE,D,20070913,000000,18.9299,18.9299,18.9299,18.9299,0,0
STX,PE,D,20070914,000000,18.8138,18.8138,18.8138,18.8138,0,0
STX,PE,D,20070917,000000,18.9299,18.9299,18.9299,18.9299,0,0
STX,PE,D,20070918,000000,19.2196,19.2196,19.2196,19.2196,0,0
STX,PE,D,20070919,000000,20.0878,20.0878,20.0878,20.0878,0,0
STX,PE,D,20070920,000000,19.4508,19.4508,19.4508,19.4508,0,0
STX,PE,D,20070921,000000,19.2781,19.2781,19.2781,19.2781,0,0
STX,PE,D,20070924,000000,18.6986,18.6986,18.6986,18.6986,0,0
STX,PE,D,20070925,000000,18.2362,18.2362,18.2362,18.2362,0,0
STX,PE,D,20070926,000000,18.0616,18.0616,18.0616,18.0616,0,0
STX,PE,D,20070927,000000,17.5983,17.5983,17.5983,17.5983,0,0
STX,PE,D,20070928,000000,17.4256,17.4256,17.4256,17.4256,0,0
STX,PE,D,20071001,000000,17.0198,17.0198,17.0198,17.0198,0,0
STX,PE,D,20071002,000000,17.5983,17.5983,17.5983,17.5983,0,0
STX,PE,D,20071003,000000,17.9456,17.9456,17.9456,17.9456,0,0
STX,PE,D,20071004,000000,17.5983,17.5983,17.5983,17.5983,0,0
STX,PE,D,20071005,000000,17.5983,17.5983,17.5983,17.5983,0,0
STX,PE,D,20071008,000000,17.888,17.888,17.888,17.888,0,0
STX,PE,D,20071009,000000,17.9456,17.9456,17.9456,17.9456,0,0
STX,PE,D,20071010,000000,17.8304,17.8304,17.8304,17.8304,0,0
STX,PE,D,20071011,000000,17.8304,17.8304,17.8304,17.8304,0,0
STX,PE,D,20071012,000000,17.5983,17.5983,17.5983,17.5983,0,0
STX,PE,D,20071015,000000,17.8304,17.8304,17.8304,17.8304,0,0
STX,PE,D,20071016,000000,17.6568,17.6568,17.6568,17.6568,0,0
STX,PE,D,20071017,000000,17.8304,17.8304,17.8304,17.8304,0,0
STX,PE,D,20071018,000000,17.3086,17.3086,17.3086,17.3086,0,0
STX,PE,D,20071019,000000,17.251,17.251,17.251,17.251,0,0
STX,PE,D,20071022,000000,16.9046,16.9046,16.9046,16.9046,0,0
STX,PE,D,20071023,000000,17.4256,17.4256,17.4256,17.4256,0,0
STX,PE,D,20071024,000000,17.1349,17.1349,17.1349,17.1349,0,0
STX,PE,D,20071025,000000,17.251,17.251,17.251,17.251,0,0
STX,PE,D,20071026,000000,17.3671,17.3671,17.3671,17.3671,0,0
STX,PE,D,20071029,000000,17.4256,17.4256,17.4256,17.4256,0,0
STX,PE,D,20071030,000000,17.5983,17.5983,17.5983,17.5983,0,0
STX,PE,D,20071031,000000,18.4674,18.4674,18.4674,18.4674,0,0
STX,PE,D,20071102,000000,19.9726,19.9726,19.9726,19.9726,0,0
STX,PE,D,20071105,000000,45.6179,45.6179,45.6179,45.6179,0,0
STX,PE,D,20071106,000000,44.5176,44.5176,44.5176,44.5176,0,0
STX,PE,D,20071107,000000,43.6494,43.6494,43.6494,43.6494,0,0
STX,PE,D,20071108,000000,44.0542,44.0542,44.0542,44.0542,0,0
STX,PE,D,20071109,000000,44.5176,44.6327,43.186,43.8806,0,0
STX,PE,D,20071112,000000,43.3021,44.8658,42.3178,42.3178,0,0
STX,PE,D,20071113,000000,42.7236,43.186,42.3178,42.8387,0,0
STX,PE,D,20071114,000000,43.6494,44.4024,41.5071,41.5071,0,0
STX,PE,D,20071115,000000,41.3901,41.9705,37.8616,37.8616,0,0
STX,PE,D,20071116,000000,37.7446,37.8616,34.7332,37.8616,0,0
STX,PE,D,20080229,000000,27.8451,27.8451,27.8451,27.8451,0,0
STX,PE,D,20080303,000000,26.572,26.572,25.7038,25.9926,0,0
STX,PE,D,20080304,000000,26.4559,30.3346,25.9926,30.277,0,0
STX,PE,D,20080305,000000,30.5082,30.5082,28.5396,29.0039,0,0
STX,PE,D,20080306,000000,29.0039,29.5806,28.4821,28.8879,0,0
STX,PE,D,20080307,000000,28.0196,29.2927,27.729,28.3075,0,0
STX,PE,D,20080310,000000,27.3241,28.7718,27.3241,28.0196,0,0
STX,PE,D,20080311,000000,28.1348,29.1766,28.1348,29.0039,0,0
STX,PE,D,20080312,000000,29.6976,29.6976,28.8879,29.5806,0,0
STX,PE,D,20080313,000000,29.0039,29.5806,27.6148,27.6714,0,0
STX,PE,D,20080314,000000,28.0763,29.64,28.0763,28.5981,0,0
STX,PE,D,20080317,000000,28.0196,29.0039,13.0836,13.0836,0,0
STX,PE,D,20080318,000000,13.3724,13.4884,13.2572,13.3724,0,0
STX,PE,D,20080319,000000,13.6054,13.6054,13.0836,13.1421,0,0
STX,PE,D,20080320,000000,13.0836,13.3139,13.0251,13.1987,0,0
STX,PE,D,20080325,000000,13.6054,13.663,13.546,13.546,0,0
STX,PE,D,20080326,000000,13.663,14.4142,13.663,14.0094,0,0
STX,PE,D,20080327,000000,14.2991,14.6464,14.0094,14.3566,0,0
STX,PE,D,20080328,000000,14.4727,14.6464,14.1254,14.1254,0,0
STX,PE,D,20080331,000000,14.3566,14.3566,14.3566,14.3566,0,0
STX,PE,D,20080401,000000,14.5879,14.9936,14.5879,14.82,0,0
STX,PE,D,20080402,000000,14.9936,14.9936,14.3566,14.5312,0,0
STX,PE,D,20080403,000000,14.6464,14.6464,14.0094,14.0679,0,0
STX,PE,D,20080404,000000,14.0094,14.4142,14.0094,14.183,0,0
STX,PE,D,20080407,000000,14.3566,14.4727,14.2991,14.3566,0,0
STX,PE,D,20080408,000000,14.2991,14.3566,14.1254,14.2991,0,0
STX,PE,D,20080409,000000,14.2415,14.82,14.2415,14.7039,0,0
STX,PE,D,20080410,000000,14.7039,14.7039,14.3566,14.5312,0,0
STX,PE,D,20080411,000000,14.7039,14.7039,14.0094,14.0679,0,0
STX,PE,D,20080414,000000,13.7772,14.1254,13.663,13.9509,0,0
STX,PE,D,20080415,000000,13.8357,14.0094,13.663,13.9509,0,0
STX,PE,D,20080416,000000,14.0094,14.0094,13.6054,13.663,0,0
STX,PE,D,20080417,000000,13.8357,13.8357,13.1421,13.2572,0,0
STX,PE,D,20080418,000000,13.1421,13.4309,13.1421,13.3724,0,0
STX,PE,D,20080421,000000,13.6054,13.6054,13.0836,13.0836,0,0
STX,PE,D,20080422,000000,13.0251,13.0251,12.0993,12.3305,0,0
STX,PE,D,20080423,000000,12.3305,12.5041,11.6944,12.0408,0,0
STX,PE,D,20080424,000000,12.2729,12.389,12.0993,12.0993,0,0
STX,PE,D,20080425,000000,12.389,13.1987,12.389,13.0251,0,0
STX,PE,D,20080428,000000,13.1987,13.1987,12.5626,12.5626,0,0
STX,PE,D,20080429,000000,12.4466,12.5041,12.1569,12.1569,0,0
STX,PE,D,20080430,000000,12.1569,12.4466,12.1569,12.3305,0,0
STX,PE,D,20080505,000000,12.3305,12.8505,12.3305,12.6769,0,0
STX,PE,D,20080506,000000,12.6769,12.909,12.5041,12.7948,0,0
STX,PE,D,20080507,000000,12.8505,13.663,12.8505,13.6054,0,0
STX,PE,D,20080508,000000,13.3139,13.546,13.1421,13.4884,0,0
STX,PE,D,20080509,000000,13.3724,17.8304,13.3139,17.8304,0,0
STX,PE,D,20080512,000000,17.5983,17.5983,17.1944,17.1944,0,0
STX,PE,D,20080513,000000,17.3086,17.3086,16.7301,16.7876,0,0
STX,PE,D,20080514,000000,16.8461,17.1944,16.8461,17.1944,0,0
STX,PE,D,20080515,000000,17.1349,17.1349,16.614,16.614,0,0
STX,PE,D,20080516,000000,16.7876,16.8461,16.4413,16.4989,0,0
STX,PE,D,20080519,000000,16.4989,16.6725,16.0921,16.3252,0,0
STX,PE,D,20080520,000000,16.3252,16.3252,15.9779,15.9779,0,0
STX,PE,D,20080521,000000,15.8619,16.3837,15.8619,16.0921,0,0
STX,PE,D,20080523,000000,16.0921,16.0921,15.7458,15.9204,0,0
STX,PE,D,20080526,000000,15.9204,16.0921,15.7458,15.8043,0,0
STX,PE,D,20080527,000000,15.9204,16.2091,15.9204,15.9204,0,0
STX,PE,D,20080528,000000,15.9779,16.4989,15.9779,16.0921,0,0
STX,PE,D,20080529,000000,16.2667,16.2667,15.8619,16.0921,0,0
STX,PE,D,20080530,000000,16.1516,16.2091,16.0364,16.2091,0,0
STX,PE,D,20080602,000000,16.1516,16.1516,15.9779,16.1516,0,0
STX,PE,D,20080603,000000,16.0921,16.0921,15.6882,15.9204,0,0
STX,PE,D,20080604,000000,15.9779,15.9779,15.1673,15.2239,0,0
STX,PE,D,20080605,000000,15.3409,15.6882,15.0512,15.3409,0,0
STX,PE,D,20080606,000000,15.5146,15.5146,14.9351,14.9351,0,0
STX,PE,D,20080609,000000,14.6464,14.9351,14.0679,14.2415,0,0
STX,PE,D,20080610,000000,13.9509,14.2415,12.4466,12.5626,0,0
STX,PE,D,20080611,000000,12.6211,12.6211,12.2144,12.2144,0,0
STX,PE,D,20080612,000000,12.389,13.2572,12.389,13.2572,0,0
STX,PE,D,20080613,000000,13.0251,13.7196,12.7948,13.7196,0,0
STX,PE,D,20080616,000000,13.8357,14.5879,13.4309,13.546,0,0
STX,PE,D,20080617,000000,13.7772,13.7772,13.1421,13.2572,0,0
STX,PE,D,20080618,000000,13.1421,13.1421,12.5041,12.5041,0,0
STX,PE,D,20080619,000000,12.4466,13.0251,12.389,12.7363,0,0
STX,PE,D,20080620,000000,12.7363,13.0836,12.6769,12.6769,0,0
STX,PE,D,20080623,000000,12.8505,12.909,12.5626,12.7363,0,0
STX,PE,D,20080624,000000,12.7948,12.7948,11.9832,12.3305,0,0
STX,PE,D,20080625,000000,12.3305,12.6769,12.3305,12.5626,0,0
STX,PE,D,20080626,000000,12.5626,12.7948,12.4466,12.5626,0,0
STX,PE,D,20080627,000000,12.1569,12.5626,12.1569,12.5626,0,0
STX,PE,D,20080630,000000,12.5626,12.5626,12.1569,12.2729,0,0
STX,PE,D,20080701,000000,12.2729,12.3305,11.6944,11.9256,0,0
STX,PE,D,20080702,000000,12.0993,12.0993,11.8671,11.8671,0,0
STX,PE,D,20080703,000000,11.6944,11.8096,11.5199,11.752,0,0
STX,PE,D,20080704,000000,11.635,11.8671,11.5199,11.5199,0,0
STX,PE,D,20080707,000000,11.635,11.635,10.8253,11.1726,0,0
STX,PE,D,20080708,000000,10.9414,11.0565,10.7101,10.8838,0,0
STX,PE,D,20080709,000000,10.998,11.635,10.998,11.4047,0,0
STX,PE,D,20080710,000000,11.1726,11.635,11.1726,11.2311,0,0
STX,PE,D,20080711,000000,11.4614,11.4614,10.7677,10.8838,0,0
STX,PE,D,20080714,000000,10.8838,10.9414,10.4204,10.4204,0,0
STX,PE,D,20080715,000000,10.2468,10.2468,9.78343,9.78343,0,0
STX,PE,D,20080716,000000,9.84193,10.1307,9.43614,9.84193,0,0
STX,PE,D,20080717,000000,10.2468,10.3619,9.95707,10.1883,0,0
STX,PE,D,20080718,000000,10.1883,10.5356,9.95707,10.1307,0,0
STX,PE,D,20080721,000000,10.1883,10.478,10.1883,10.3619,0,0
STX,PE,D,20080722,000000,10.3619,10.6516,10.3619,10.5941,0,0
STX,PE,D,20080723,000000,10.8253,11.1726,10.5941,10.8838,0,0
STX,PE,D,20080724,000000,11.0565,11.115,10.5941,10.5941,0,0
STX,PE,D,20080725,000000,10.3619,11.115,10.3619,11.115,0,0
STX,PE,D,20080728,000000,10.9414,11.2886,10.9414,11.115,0,0
STX,PE,D,20080729,000000,10.8838,10.998,10.7677,10.998,0,0
STX,PE,D,20080730,000000,11.2886,11.6944,11.2886,11.635,0,0
STX,PE,D,20080731,000000,11.5784,11.5784,11.0565,11.2311,0,0
STX,PE,D,20080801,000000,11.0565,11.2886,11.0565,11.1726,0,0
STX,PE,D,20080804,000000,11.0565,11.4047,11.0565,11.2886,0,0
STX,PE,D,20080805,000000,11.5784,12.0408,11.5784,11.6944,0,0
STX,PE,D,20080806,000000,12.0408,12.2729,11.4047,11.4047,0,0
STX,PE,D,20080807,000000,11.5199,11.6944,3.99444,3.99444,0,0
STX,PE,D,20080808,000000,3.99444,4.11032,3.99444,4.05229,0,0
STX,PE,D,20080811,000000,4.11032,4.16808,4.11032,4.11032,0,0
STX,PE,D,20080812,000000,4.05229,4.11032,3.99444,4.05229,0,0
STX,PE,D,20080813,000000,4.05229,4.11032,3.99444,3.99444,0,0
STX,PE,D,20080814,000000,3.99444,4.05229,3.99444,3.99444,0,0
STX,PE,D,20080818,000000,3.99444,4.11032,3.93649,3.99444,0,0
STX,PE,D,20080819,000000,3.99444,4.05229,3.87874,3.87874,0,0
STX,PE,D,20080820,000000,3.93649,3.93649,3.87874,3.93649,0,0
STX,PE,D,20080821,000000,3.99444,4.11032,3.99444,4.05229,0,0
STX,PE,D,20080822,000000,4.11032,4.63125,4.05229,4.5734,0,0
STX,PE,D,20080825,000000,4.5734,4.80489,4.45761,4.51536,0,0
STX,PE,D,20080826,000000,4.45761,4.51536,4.34172,4.34172,0,0
STX,PE,D,20080827,000000,4.34172,4.51536,4.34172,4.51536,0,0
STX,PE,D,20080828,000000,4.51536,4.80489,4.51536,4.6891,0,0
STX,PE,D,20080829,000000,4.74695,4.97854,4.74695,4.86284,0,0
STX,PE,D,20080901,000000,4.80489,5.03648,4.80489,4.97854,0,0
STX,PE,D,20080902,000000,4.97854,5.03648,4.80489,4.80489,0,0
STX,PE,D,20080903,000000,4.74695,4.80489,4.6891,4.80489,0,0
STX,PE,D,20080904,000000,4.86284,4.86284,4.63125,4.63125,0,0
STX,PE,D,20080905,000000,4.51536,4.5734,4.28387,4.34172,0,0
STX,PE,D,20080908,000000,4.51536,4.51536,4.39966,4.45761,0,0
STX,PE,D,20080909,000000,4.45761,4.51536,4.45761,4.45761,0,0
STX,PE,D,20080910,000000,4.39966,4.39966,4.22602,4.28387,0,0
STX,PE,D,20080911,000000,4.28387,4.28387,4.11032,4.11032,0,0
STX,PE,D,20080912,000000,4.16808,4.22602,4.11032,4.11032,0,0
STX,PE,D,20080915,000000,4.05229,4.05229,3.76285,3.87874,0,0
STX,PE,D,20080916,000000,3.8207,3.87874,3.705,3.705,0,0
STX,PE,D,20080917,000000,3.76285,3.76285,3.705,3.705,0,0
STX,PE,D,20080918,000000,3.64706,3.8207,3.58921,3.8207,0,0
STX,PE,D,20080919,000000,3.99444,4.22602,3.8207,4.16808,0,0
STX,PE,D,20080922,000000,4.22602,4.28387,4.11032,4.16808,0,0
STX,PE,D,20080923,000000,4.11032,4.16808,3.99444,4.16808,0,0
STX,PE,D,20080924,000000,4.16808,4.22602,4.11032,4.22602,0,0
STX,PE,D,20080925,000000,4.28387,4.34172,4.22602,4.28387,0,0
STX,PE,D,20080926,000000,4.22602,4.22602,3.99444,4.11032,0,0
STX,PE,D,20080929,000000,4.11032,4.11032,3.8207,3.8207,0,0
STX,PE,D,20080930,000000,3.64706,3.87874,3.64706,3.8207,0,0
STX,PE,D,20081001,000000,3.87874,4.05229,3.8207,3.99444,0,0
STX,PE,D,20081002,000000,4.05229,4.05229,3.87874,3.87874,0,0
STX,PE,D,20081003,000000,3.87874,3.93649,3.8207,3.87874,0,0
STX,PE,D,20081006,000000,3.76285,3.87874,3.64706,3.705,0,0
STX,PE,D,20081007,000000,3.76285,3.8207,3.64706,3.76285,0,0
STX,PE,D,20081008,000000,3.58921,3.76285,3.47332,3.64706,0,0
STX,PE,D,20081009,000000,3.64706,3.76285,3.53136,3.53136,0,0
STX,PE,D,20081010,000000,3.29968,3.29968,2.95239,3.24183,0,0
STX,PE,D,20081013,000000,3.41556,3.41556,3.24183,3.29968,0,0
STX,PE,D,20081014,000000,3.53136,3.53136,3.41556,3.41556,0,0
STX,PE,D,20081015,000000,3.41556,3.41556,3.12604,3.12604,0,0
STX,PE,D,20081016,000000,3.01024,3.06828,2.95239,2.95239,0,0
STX,PE,D,20081017,000000,3.12604,3.12604,2.83669,2.95239,0,0
STX,PE,D,20081020,000000,3.06828,3.06828,3.01024,3.01024,0,0
STX,PE,D,20081021,000000,3.06828,3.18398,3.01024,3.01024,0,0
STX,PE,D,20081022,000000,2.95239,3.01024,2.83669,2.83669,0,0
STX,PE,D,20081023,000000,2.83669,2.89445,2.60511,2.72081,0,0
STX,PE,D,20081024,000000,2.48931,2.54716,2.43137,2.54716,0,0
STX,PE,D,20081027,000000,2.48931,2.60511,2.43137,2.60511,0,0
STX,PE,D,20081028,000000,2.77875,2.77875,2.66296,2.66296,0,0
STX,PE,D,20081029,000000,2.83669,2.83669,2.77875,2.83669,0,0
STX,PE,D,20081030,000000,2.89445,2.89445,2.77875,2.77875,0,0
STX,PE,D,20081031,000000,2.83669,2.83669,2.72081,2.72081,0,0
STX,PE,D,20081103,000000,2.77875,2.89445,2.77875,2.83669,0,0
STX,PE,D,20081104,000000,2.83669,3.06828,2.83669,3.01024,0,0
STX,PE,D,20081105,000000,3.01024,3.01024,2.89445,2.95239,0,0
STX,PE,D,20081106,000000,2.89445,2.95239,2.89445,2.89445,0,0
STX,PE,D,20081107,000000,2.89445,2.95239,2.83669,2.95239,0,0
STX,PE,D,20081110,000000,3.01024,3.12604,3.01024,3.01024,0,0
STX,PE,D,20081112,000000,3.01024,3.01024,2.66296,2.66296,0,0
STX,PE,D,20081113,000000,2.60511,2.77875,2.60511,2.72081,0,0
STX,PE,D,20081114,000000,2.83669,2.83669,2.72081,2.72081,0,0
STX,PE,D,20081117,000000,2.77875,3.01024,2.77875,2.95239,0,0
STX,PE,D,20081118,000000,2.95239,2.95239,2.77875,2.89445,0,0
STX,PE,D,20081119,000000,2.89445,3.01024,2.77875,3.01024,0,0
STX,PE,D,20081120,000000,2.77875,2.95239,2.77875,2.77875,0,0
STX,PE,D,20081121,000000,2.83669,2.89445,2.77875,2.89445,0,0
STX,PE,D,20081124,000000,2.95239,3.06828,2.95239,3.06828,0,0
STX,PE,D,20081125,000000,3.12604,3.12604,2.95239,2.95239,0,0
STX,PE,D,20081126,000000,2.95239,3.06828,2.95239,2.95239,0,0
STX,PE,D,20081127,000000,3.06828,3.47332,3.01024,3.41556,0,0
STX,PE,D,20081128,000000,3.35762,3.35762,3.24183,3.35762,0,0
STX,PE,D,20081201,000000,3.35762,3.35762,3.12604,3.18398,0,0
STX,PE,D,20081202,000000,3.06828,3.41556,3.06828,3.35762,0,0
STX,PE,D,20081203,000000,3.41556,3.58921,3.35762,3.47332,0,0
STX,PE,D,20081204,000000,3.53136,3.58921,3.41556,3.41556,0,0
STX,PE,D,20081205,000000,3.47332,3.47332,3.35762,3.35762,0,0
STX,PE,D,20081208,000000,3.53136,3.8207,3.41556,3.76285,0,0
STX,PE,D,20081209,000000,3.8207,3.99444,3.76285,3.76285,0,0
STX,PE,D,20081210,000000,3.8207,3.8207,3.705,3.76285,0,0
STX,PE,D,20081211,000000,3.76285,3.76285,3.64706,3.705,0,0
STX,PE,D,20081212,000000,3.58921,3.58921,3.47332,3.53136,0,0
STX,PE,D,20081215,000000,3.58921,3.58921,3.47332,3.47332,0,0
STX,PE,D,20081216,000000,3.53136,3.76285,3.41556,3.705,0,0
STX,PE,D,20081217,000000,3.76285,3.76285,3.53136,3.58921,0,0
STX,PE,D,20081218,000000,3.58921,3.58921,3.47332,3.47332,0,0
STX,PE,D,20081219,000000,3.41556,3.58921,3.41556,3.58921,0,0
STX,PE,D,20081222,000000,3.58921,3.64706,3.53136,3.53136,0,0
STX,PE,D,20081223,000000,3.47332,3.58921,3.47332,3.53136,0,0
STX,PE,D,20081229,000000,3.47332,3.53136,3.47332,3.53136,0,0
STX,PE,D,20081230,000000,3.53136,3.58921,3.53136,3.53136,0,0
STX,PE,D,20081231,000000,3.53136,3.58921,3.53136,3.53136,0,0
STX,PE,D,20090105,000000,3.58921,3.64706,3.53136,3.53136,0,0
STX,PE,D,20090106,000000,3.58921,3.76285,3.53136,3.58921,0,0
STX,PE,D,20090107,000000,3.58921,3.58921,3.47332,3.47332,0,0
STX,PE,D,20090108,000000,3.41556,3.53136,3.35762,3.41556,0,0
STX,PE,D,20090109,000000,3.47332,3.53136,3.47332,3.53136,0,0
STX,PE,D,20090112,000000,3.53136,3.64706,3.53136,3.58921,0,0
STX,PE,D,20090113,000000,3.58921,3.58921,3.47332,3.47332,0,0
STX,PE,D,20090114,000000,3.53136,3.53136,3.29968,3.35762,0,0
STX,PE,D,20090115,000000,3.35762,3.41556,3.29968,3.41556,0,0
STX,PE,D,20090116,000000,3.47332,3.47332,3.41556,3.41556,0,0
STX,PE,D,20090119,000000,3.41556,3.41556,3.29968,3.35762,0,0
STX,PE,D,20090120,000000,3.35762,3.41556,3.29968,3.29968,0,0
STX,PE,D,20090121,000000,3.29968,3.35762,3.18398,3.35762,0,0
STX,PE,D,20090122,000000,3.35762,3.35762,3.24183,3.29968,0,0
STX,PE,D,20090123,000000,3.24183,3.24183,3.12604,3.18398,0,0
STX,PE,D,20090126,000000,3.18398,3.29968,3.18398,3.24183,0,0
STX,PE,D,20090127,000000,3.24183,3.47332,3.24183,3.47332,0,0
STX,PE,D,20090128,000000,3.47332,3.705,3.47332,3.705,0,0
STX,PE,D,20090129,000000,3.705,3.705,3.58921,3.64706,0,0
STX,PE,D,20090130,000000,3.58921,3.76285,3.58921,3.64706,0,0
STX,PE,D,20090202,000000,3.53136,3.53136,3.24183,3.24183,0,0
STX,PE,D,20090203,000000,3.24183,3.29968,3.12604,3.12604,0,0
STX,PE,D,20090204,000000,3.18398,3.29968,3.12604,3.29968,0,0
STX,PE,D,20090205,000000,3.29968,3.53136,3.24183,3.47332,0,0
STX,PE,D,20090206,000000,3.53136,3.53136,3.47332,3.53136,0,0
STX,PE,D,20090209,000000,3.53136,3.64706,3.47332,3.64706,0,0
STX,PE,D,20090210,000000,3.64706,3.64706,3.58921,3.58921,0,0
STX,PE,D,20090211,000000,3.47332,3.58921,3.47332,3.53136,0,0
STX,PE,D,20090212,000000,3.64706,3.87874,3.53136,3.58921,0,0
STX,PE,D,20090213,000000,3.705,3.705,3.47332,3.47332,0,0
STX,PE,D,20090216,000000,3.47332,3.58921,3.47332,3.53136,0,0
STX,PE,D,20090217,000000,3.47332,3.53136,3.41556,3.47332,0,0
STX,PE,D,20090218,000000,3.47332,3.53136,3.35762,3.47332,0,0
STX,PE,D,20090219,000000,3.47332,3.58921,3.47332,3.53136,0,0
STX,PE,D,20090220,000000,3.47332,3.47332,3.41556,3.47332,0,0
STX,PE,D,20090223,000000,3.53136,3.58921,3.47332,3.47332,0,0
STX,PE,D,20090224,000000,3.41556,3.47332,3.41556,3.47332,0,0
STX,PE,D,20090225,000000,3.53136,3.58921,3.53136,3.53136,0,0
STX,PE,D,20090226,000000,3.58921,3.64706,3.53136,3.64706,0,0
STX,PE,D,20090227,000000,3.64706,3.64706,3.47332,3.53136,0,0
STX,PE,D,20090302,000000,2.95239,7.58374,2.95239,7.58374,0,0
STX,PE,D,20090303,000000,7.64131,7.64131,7.35169,7.35169,0,0
STX,PE,D,20090304,000000,7.46766,7.46766,6.88916,7.00505,0,0
STX,PE,D,20090305,000000,7.00505,7.17869,6.88916,7.00505,0,0
STX,PE,D,20090306,000000,6.88916,7.35169,6.88916,7.29467,0,0
STX,PE,D,20090309,000000,7.41009,7.46766,7.23561,7.29467,0,0
STX,PE,D,20090310,000000,7.35169,7.35169,6.36786,6.36786,0,0
STX,PE,D,20090311,000000,6.48375,6.48375,6.25254,6.30983,0,0
STX,PE,D,20090312,000000,6.30983,6.30983,6.02086,6.13656,0,0
STX,PE,D,20090313,000000,6.25254,6.30983,6.13656,6.13656,0,0
STX,PE,D,20090316,000000,6.13656,6.19394,6.02086,6.07843,0,0
STX,PE,D,20090317,000000,6.13656,6.13656,5.96264,5.96264,0,0
STX,PE,D,20090318,000000,6.02086,6.25254,6.02086,6.19394,0,0
STX,PE,D,20090319,000000,6.25254,6.59926,6.25254,6.54188,0,0
STX,PE,D,20090320,000000,6.48375,6.71524,6.4259,6.65786,0,0
STX,PE,D,20090323,000000,6.71524,6.77319,6.54188,6.65786,0,0
STX,PE,D,20090324,000000,6.71524,6.71524,6.54188,6.59926,0,0
STX,PE,D,20090325,000000,6.59926,6.77319,6.54188,6.65786,0,0
STX,PE,D,20090326,000000,6.77319,6.77319,6.59926,6.65786,0,0
STX,PE,D,20090327,000000,6.71524,6.71524,6.4259,6.48375,0,0
STX,PE,D,20090330,000000,6.4259,6.71524,6.4259,6.48375,0,0
STX,PE,D,20090331,000000,6.54188,6.71524,6.48375,6.48375,0,0
STX,PE,D,20090401,000000,6.54188,6.65786,6.48375,6.54188,0,0
STX,PE,D,20090402,000000,6.83029,6.83029,6.83029,6.83029,0,0
STX,PE,D,20090403,000000,6.88916,7.00505,6.77319,6.83029,0,0
STX,PE,D,20090406,000000,6.88916,7.46766,6.88916,7.06262,0,0
STX,PE,D,20090407,000000,7.17869,7.35169,7.12103,7.23561,0,0
STX,PE,D,20090408,000000,7.17869,7.46766,7.17869,7.41009,0,0
STX,PE,D,20090409,000000,7.46766,7.46766,7.29467,7.41009,0,0
STX,PE,D,20090414,000000,7.29467,7.81504,7.29467,7.46766,0,0
STX,PE,D,20090415,000000,7.41009,7.46766,7.35169,7.35169,0,0
STX,PE,D,20090416,000000,7.46766,7.58374,7.35169,7.46766,0,0
STX,PE,D,20090417,000000,7.52607,7.52607,7.00505,7.00505,0,0
STX,PE,D,20090420,000000,7.06262,7.12103,6.71524,6.71524,0,0
STX,PE,D,20090421,000000,6.65786,6.83029,6.54188,6.59926,0,0
STX,PE,D,20090422,000000,6.65786,6.83029,6.65786,6.83029,0,0
STX,PE,D,20090423,000000,6.88916,7.17869,6.77319,6.83029,0,0
STX,PE,D,20090424,000000,6.94664,7.06262,6.88916,7.06262,0,0
STX,PE,D,20090427,000000,7.00505,7.23561,7.00505,7.00505,0,0
STX,PE,D,20090428,000000,6.94664,6.94664,6.77319,6.88916,0,0
STX,PE,D,20090429,000000,6.94664,7.12103,6.94664,7.06262,0,0
STX,PE,D,20090430,000000,7.12103,7.17869,7.00505,7.00505,0,0
STX,PE,D,20090504,000000,7.12103,7.12103,6.77319,6.83029,0,0
STX,PE,D,20090505,000000,6.88916,6.88916,6.48375,6.48375,0,0
STX,PE,D,20090506,000000,6.48375,6.88916,6.48375,6.83029,0,0
STX,PE,D,20090507,000000,6.94664,7.35169,6.65786,7.35169,0,0
STX,PE,D,20090508,000000,7.41009,7.52607,7.29467,7.29467,0,0
STX,PE,D,20090511,000000,7.35169,7.41009,7.23561,7.35169,0,0
STX,PE,D,20090512,000000,7.35169,7.52607,7.29467,7.35169,0,0
STX,PE,D,20090513,000000,7.46766,7.46766,7.17869,7.17869,0,0
STX,PE,D,20090514,000000,7.17869,7.29467,7.17869,7.23561,0,0
STX,PE,D,20090515,000000,7.35169,7.35169,7.12103,7.12103,0,0
STX,PE,D,20090518,000000,7.12103,7.35169,7.12103,7.35169,0,0
STX,PE,D,20090519,000000,7.41009,7.69906,7.29467,7.35169,0,0
STX,PE,D,20090520,000000,7.52607,7.64131,7.35169,7.35169,0,0
STX,PE,D,20090521,000000,7.23561,7.35169,7.23561,7.35169,0,0
STX,PE,D,20090522,000000,7.29467,7.29467,7.17869,7.17869,0,0
STX,PE,D,20090525,000000,7.17869,7.17869,7.06262,7.17869,0,0
STX,PE,D,20090526,000000,7.12103,7.17869,7.00505,7.12103,0,0
STX,PE,D,20090527,000000,7.17869,7.23561,7.06262,7.17869,0,0
STX,PE,D,20090528,000000,7.17869,7.17869,7.06262,7.12103,0,0
STX,PE,D,20090529,000000,7.17869,7.35169,7.12103,7.17869,0,0
STX,PE,D,20090601,000000,7.23561,7.35169,7.17869,7.35169,0,0
STX,PE,D,20090602,000000,7.35169,7.58374,7.23561,7.58374,0,0
STX,PE,D,20090603,000000,7.64131,7.69906,7.58374,7.58374,0,0
STX,PE,D,20090604,000000,7.58374,7.69906,7.46766,7.52607,0,0
STX,PE,D,20090605,000000,7.58374,7.69906,7.52607,7.52607,0,0
STX,PE,D,20090608,000000,7.64131,7.64131,7.29467,7.29467,0,0
STX,PE,D,20090609,000000,7.41009,7.41009,7.29467,7.29467,0,0
STX,PE,D,20090610,000000,7.41009,7.41009,7.29467,7.29467,0,0
STX,PE,D,20090612,000000,7.35169,7.35169,7.17869,7.17869,0,0
STX,PE,D,20090615,000000,7.23561,7.23561,7.12103,7.17869,0,0
STX,PE,D,20090616,000000,7.12103,7.17869,7.06262,7.17869,0,0
STX,PE,D,20090617,000000,7.17869,7.17869,7.06262,7.12103,0,0
STX,PE,D,20090618,000000,7.12103,7.12103,6.94664,7.06262,0,0
STX,PE,D,20090619,000000,7.12103,7.17869,7.06262,7.12103,0,0
STX,PE,D,20090622,000000,7.12103,7.12103,6.83029,6.83029,0,0
STX,PE,D,20090623,000000,6.71524,6.77319,6.71524,6.77319,0,0
STX,PE,D,20090624,000000,6.77319,6.94664,6.77319,6.88916,0,0
STX,PE,D,20090625,000000,6.94664,6.94664,6.77319,6.88916,0,0
STX,PE,D,20090626,000000,6.94664,7.00505,6.83029,6.88916,0,0
STX,PE,D,20090629,000000,6.83029,6.94664,6.83029,6.88916,0,0
STX,PE,D,20090630,000000,6.94664,7.00505,6.83029,6.88916,0,0
STX,PE,D,20090701,000000,6.94664,7.00505,6.88916,6.94664,0,0
STX,PE,D,20090702,000000,7.00505,7.00505,6.77319,6.77319,0,0
STX,PE,D,20090703,000000,6.83029,6.83029,6.71524,6.77319,0,0
STX,PE,D,20090706,000000,6.83029,6.88916,6.71524,6.88916,0,0
STX,PE,D,20090707,000000,6.83029,6.88916,6.77319,6.77319,0,0
STX,PE,D,20090708,000000,6.77319,6.88916,6.71524,6.88916,0,0
STX,PE,D,20090709,000000,6.88916,7.35169,6.83029,7.35169,0,0
STX,PE,D,20090710,000000,7.35169,7.35169,7.12103,7.17869,0,0
STX,PE,D,20090713,000000,7.06262,7.17869,7.06262,7.17869,0,0
STX,PE,D,20090714,000000,7.12103,7.23561,7.06262,7.12103,0,0
STX,PE,D,20090715,000000,7.17869,7.23561,7.12103,7.12103,0,0
STX,PE,D,20090716,000000,7.23561,7.46766,7.12103,7.35169,0,0
STX,PE,D,20090717,000000,7.35169,7.58374,7.35169,7.52607,0,0
STX,PE,D,20090720,000000,7.52607,7.58374,7.35169,7.35169,0,0
STX,PE,D,20090721,000000,7.41009,7.52607,7.35169,7.41009,0,0
STX,PE,D,20090722,000000,7.41009,7.41009,7.29467,7.35169,0,0
STX,PE,D,20090723,000000,7.41009,7.46766,7.35169,7.46766,0,0
STX,PE,D,20090724,000000,7.52607,7.58374,7.35169,7.46766,0,0
STX,PE,D,20090727,000000,7.58374,7.58374,7.35169,7.35169,0,0
STX,PE,D,20090728,000000,7.35169,7.52607,7.29467,7.35169,0,0
STX,PE,D,20090729,000000,7.35169,7.46766,7.29467,7.46766,0,0
STX,PE,D,20090730,000000,7.46766,7.58374,7.35169,7.52607,0,0
STX,PE,D,20090731,000000,7.58374,7.58374,7.41009,7.46766,0,0
STX,PE,D,20090803,000000,7.52607,8.27775,7.52607,8.27775,0,0
STX,PE,D,20090804,000000,8.04719,8.27775,7.87271,8.16242,0,0
STX,PE,D,20090805,000000,8.04719,8.45223,8.04719,8.16242,0,0
STX,PE,D,20090806,000000,8.16242,8.27775,7.98878,7.98878,0,0
STX,PE,D,20090807,000000,8.04719,8.16242,7.87271,8.16242,0,0
STX,PE,D,20090810,000000,8.2199,10.5941,8.04719,10.5941,0,0
STX,PE,D,20090811,000000,10.7101,10.7101,10.1307,10.1307,0,0
STX,PE,D,20090812,000000,10.0731,10.3044,10.0146,10.0731,0,0
STX,PE,D,20090813,000000,10.1307,10.4204,10.0731,10.4204,0,0
STX,PE,D,20090814,000000,10.5356,10.6516,10.4204,10.478,0,0
STX,PE,D,20090817,000000,10.3619,10.3619,10.2468,10.2468,0,0
STX,PE,D,20090818,000000,10.2468,10.3044,10.1307,10.2468,0,0
STX,PE,D,20090819,000000,10.1307,10.478,10.1307,10.478,0,0
STX,PE,D,20090820,000000,10.4204,10.7101,10.4204,10.5941,0,0
STX,PE,D,20090821,000000,10.5941,10.7677,10.5941,10.5941,0,0
STX,PE,D,20090824,000000,10.6516,10.7101,10.5356,10.5356,0,0
STX,PE,D,20090825,000000,10.5356,11.2886,10.5356,11.0565,0,0
STX,PE,D,20090826,000000,11.0565,11.2886,10.998,11.1726,0,0
STX,PE,D,20090827,000000,11.2311,11.3471,10.7677,10.7677,0,0
STX,PE,D,20090828,000000,10.8838,10.998,10.5941,10.5941,0,0
STX,PE,D,20090831,000000,10.6516,10.7101,10.4204,10.5356,0,0
STX,PE,D,20090901,000000,10.5356,10.5356,9.84193,10.0146,0,0
STX,PE,D,20090902,000000,9.8995,10.0146,9.55129,9.66829,0,0
STX,PE,D,20090903,000000,9.66829,9.8995,9.66829,9.78343,0,0
STX,PE,D,20090904,000000,9.78343,10.1307,9.78343,10.0731,0,0
STX,PE,D,20090907,000000,10.0146,10.3619,10.0146,10.3619,0,0
STX,PE,D,20090908,000000,10.4204,10.5356,10.3044,10.478,0,0
STX,PE,D,20090909,000000,10.4204,10.478,10.3044,10.478,0,0
STX,PE,D,20090910,000000,10.5356,10.5356,10.3044,10.5356,0,0
STX,PE,D,20090911,000000,10.4204,10.478,10.3619,10.478,0,0
STX,PE,D,20090914,000000,10.3044,10.3044,9.95707,10.0146,0,0
STX,PE,D,20090915,000000,10.0731,10.1307,9.95707,10.0146,0,0
STX,PE,D,20090916,000000,10.1307,10.1883,10.0146,10.1883,0,0
STX,PE,D,20090917,000000,10.2468,10.2468,9.95707,10.0146,0,0
STX,PE,D,20090918,000000,10.0146,10.0731,9.8995,10.0731,0,0
STX,PE,D,20090921,000000,10.0731,10.0731,9.95707,10.0731,0,0
STX,PE,D,20090922,000000,10.0731,10.4204,10.0731,10.4204,0,0
STX,PE,D,20090923,000000,10.478,10.478,10.4204,10.478,0,0
STX,PE,D,20090924,000000,10.4204,10.9414,10.4204,10.6516,0,0
STX,PE,D,20090925,000000,10.6516,10.6516,10.478,10.478,0,0
STX,PE,D,20090928,000000,10.5356,10.6516,10.3619,10.5941,0,0
STX,PE,D,20090929,000000,10.5941,10.5941,10.3619,10.5356,0,0
STX,PE,D,20090930,000000,10.5356,10.5941,10.3619,10.478,0,0
STX,PE,D,20091001,000000,10.478,10.478,10.4204,10.478,0,0
STX,PE,D,20091002,000000,10.2468,10.478,10.1883,10.2468,0,0
STX,PE,D,20091005,000000,10.2468,10.2468,10.1307,10.1883,0,0
STX,PE,D,20091006,000000,10.2468,10.3619,10.1883,10.2468,0,0
STX,PE,D,20091007,000000,10.3044,10.3044,10.1307,10.1883,0,0
STX,PE,D,20091008,000000,10.2468,10.2468,10.0731,10.1883,0,0
STX,PE,D,20091009,000000,10.3619,10.3619,10.1307,10.1883,0,0
STX,PE,D,20091012,000000,10.1307,10.1883,10.0731,10.0731,0,0
STX,PE,D,20091013,000000,10.0146,10.0731,9.78343,9.84193,0,0
STX,PE,D,20091014,000000,9.8995,10.0146,9.78343,9.8995,0,0
STX,PE,D,20091015,000000,9.8995,10.0731,9.84193,9.8995,0,0
STX,PE,D,20091016,000000,9.8995,10.0731,9.84193,9.95707,0,0
STX,PE,D,20091019,000000,9.95707,10.1883,9.95707,10.0731,0,0
STX,PE,D,20091020,000000,10.1307,10.1307,9.95707,9.95707,0,0
STX,PE,D,20091021,000000,9.95707,10.0146,9.84193,9.8995,0,0
STX,PE,D,20091022,000000,9.84193,9.8995,9.78343,9.8995,0,0
STX,PE,D,20091023,000000,9.8995,10.0146,9.84193,9.95707,0,0
STX,PE,D,20091026,000000,9.8995,9.95707,9.78343,9.95707,0,0
STX,PE,D,20091027,000000,9.78343,9.84193,9.78343,9.84193,0,0
STX,PE,D,20091028,000000,9.72493,9.84193,9.55129,9.78343,0,0
STX,PE,D,20091029,000000,9.72493,9.84193,9.55129,9.84193,0,0
STX,PE,D,20091030,000000,9.84193,9.8995,9.78343,9.78343,0,0
STX,PE,D,20091102,000000,9.78343,9.78343,9.60886,9.78343,0,0
STX,PE,D,20091103,000000,9.84193,9.84193,9.60886,9.78343,0,0
STX,PE,D,20091104,000000,9.78343,9.95707,9.72493,9.78343,0,0
STX,PE,D,20091105,000000,9.84193,10.0731,9.84193,10.0146,0,0
STX,PE,D,20091106,000000,9.95707,10.0146,9.78343,9.8995,0,0
STX,PE,D,20091109,000000,9.84193,9.95707,9.72493,9.8995,0,0
STX,PE,D,20091110,000000,9.8995,10.1883,9.8995,10.1883,0,0
STX,PE,D,20091112,000000,10.1883,10.8253,10.1883,10.6516,0,0
STX,PE,D,20091113,000000,10.5356,10.6516,10.478,10.478,0,0
STX,PE,D,20091116,000000,10.5356,13.3139,10.2468,13.3139,0,0
STX,PE,D,20091117,000000,13.3139,13.3139,12.8505,12.9684,0,0
STX,PE,D,20091118,000000,12.909,13.1421,12.7363,13.1421,0,0
STX,PE,D,20091119,000000,13.0836,13.3139,12.9684,13.2572,0,0
STX,PE,D,20091120,000000,13.2572,13.663,13.2572,13.4884,0,0
STX,PE,D,20091123,000000,13.546,13.546,13.1421,13.2572,0,0
STX,PE,D,20091124,000000,13.2572,13.4309,13.0836,13.0836,0,0
STX,PE,D,20091125,000000,13.0836,13.3139,13.0836,13.3139,0,0
STX,PE,D,20091126,000000,13.3139,13.3139,13.0836,13.1421,0,0
STX,PE,D,20091127,000000,12.8505,13.0836,12.8505,13.0836,0,0
STX,PE,D,20091130,000000,13.2572,13.2572,12.909,13.1421,0,0
STX,PE,D,20091201,000000,13.0836,13.3139,12.9684,13.2572,0,0
STX,PE,D,20091202,000000,13.2572,13.4309,13.0836,13.3139,0,0
STX,PE,D,20091203,000000,13.3139,13.6054,13.2572,13.4884,0,0
STX,PE,D,20091204,000000,13.4884,13.8933,13.4309,13.7772,0,0
STX,PE,D,20091207,000000,13.7772,14.5312,13.6054,14.5312,0,0
STX,PE,D,20091208,000000,14.5879,15.1097,14.5879,14.7615,0,0
STX,PE,D,20091209,000000,14.7615,14.82,14.5879,14.6464,0,0
STX,PE,D,20091210,000000,14.6464,15.6297,14.6464,15.2239,0,0
STX,PE,D,20091211,000000,15.4561,15.4561,14.9936,15.1673,0,0
STX,PE,D,20091214,000000,15.2834,15.2834,14.7039,14.82,0,0
STX,PE,D,20091215,000000,14.5879,14.7039,14.2415,14.5312,0,0
STX,PE,D,20091216,000000,14.4727,15.9779,14.4727,15.9779,0,0
STX,PE,D,20091217,000000,16.0364,16.0364,14.9936,15.3409,0,0
STX,PE,D,20091218,000000,15.1673,15.8043,15.1673,15.6882,0,0
STX,PE,D,20091221,000000,15.6297,16.4413,15.6297,16.0364,0,0
STX,PE,D,20091222,000000,16.2091,16.2091,15.3409,15.3409,0,0
STX,PE,D,20091223,000000,15.3409,15.3409,14.7615,14.82,0,0
STX,PE,D,20091228,000000,14.82,14.9936,14.2415,14.2991,0,0
STX,PE,D,20091229,000000,14.2991,14.5879,14.2991,14.5879,0,0
STX,PE,D,20091230,000000,14.5312,14.5879,14.4142,14.5312,0,0
STX,PE,D,20091231,000000,14.4727,14.7039,14.4727,14.5312,0,0
STX,PE,D,20100104,000000,14.7615,19.1044,14.5312,19.1044,0,0
STX,PE,D,20100105,000000,18.8723,18.8723,18.3514,18.4674,0,0
STX,PE,D,20100106,000000,18.3514,18.9874,18.3514,18.8723,0,0
STX,PE,D,20100107,000000,18.8138,18.8138,18.4674,18.4674,0,0
STX,PE,D,20100108,000000,18.6986,18.8723,18.2938,18.4674,0,0
STX,PE,D,20100111,000000,18.5826,18.6986,18.3514,18.4674,0,0
STX,PE,D,20100112,000000,18.4674,18.4674,18.1777,18.2938,0,0
STX,PE,D,20100113,000000,18.2938,18.4089,18.1192,18.2938,0,0
STX,PE,D,20100114,000000,18.2938,18.8138,18.1192,18.3514,0,0
STX,PE,D,20100115,000000,18.3514,18.7562,18.3514,18.3514,0,0
STX,PE,D,20100118,000000,18.2362,18.7562,18.2362,18.4674,0,0
STX,PE,D,20100119,000000,18.4674,18.5826,18.3514,18.3514,0,0
STX,PE,D,20100120,000000,18.5241,18.5241,18.1192,18.1777,0,0
STX,PE,D,20100121,000000,18.1777,18.1777,17.7719,18.0616,0,0
STX,PE,D,20100122,000000,17.888,17.9456,17.7719,17.8304,0,0
STX,PE,D,20100125,000000,17.8304,18.2938,17.8304,18.2938,0,0
STX,PE,D,20100126,000000,18.2938,18.2938,17.9456,17.9456,0,0
STX,PE,D,20100127,000000,17.9456,18.2362,17.9456,18.1777,0,0
STX,PE,D,20100128,000000,18.2938,18.3514,18.1777,18.3514,0,0
STX,PE,D,20100129,000000,18.1192,18.2938,17.9456,18.2938,0,0
STX,PE,D,20100201,000000,18.1192,18.1192,17.5407,17.5407,0,0
STX,PE,D,20100202,000000,17.5407,17.6568,17.3086,17.3671,0,0
STX,PE,D,20100203,000000,17.3671,17.5407,17.251,17.3671,0,0
STX,PE,D,20100204,000000,17.3671,17.4822,17.1349,17.1349,0,0
STX,PE,D,20100205,000000,16.614,16.8461,16.3837,16.8461,0,0
STX,PE,D,20100208,000000,16.5574,16.9613,16.5574,16.9613,0,0
STX,PE,D,20100209,000000,16.8461,17.251,16.8461,17.251,0,0
STX,PE,D,20100210,000000,17.7719,17.7719,17.251,17.5407,0,0
STX,PE,D,20100211,000000,17.6568,17.6568,17.0198,17.0198,0,0
STX,PE,D,20100212,000000,17.0198,17.3086,17.0198,17.251,0,0
STX,PE,D,20100215,000000,17.3671,17.3671,17.1349,17.3671,0,0
STX,PE,D,20100216,000000,17.3671,17.6568,17.1349,17.4256,0,0
STX,PE,D,20100217,000000,17.7144,17.7144,17.3086,17.4256,0,0
STX,PE,D,20100218,000000,17.4256,17.5407,17.251,17.5407,0,0
STX,PE,D,20100219,000000,17.251,17.4256,17.251,17.251,0,0
STX,PE,D,20100222,000000,17.4822,17.5407,17.251,17.3671,0,0
STX,PE,D,20100223,000000,17.3671,17.4822,17.251,17.3671,0,0
STX,PE,D,20100224,000000,17.3671,17.5407,17.3671,17.3671,0,0
STX,PE,D,20100225,000000,17.4822,17.5407,17.1349,17.1349,0,0
STX,PE,D,20100226,000000,17.1349,17.251,16.7876,16.8461,0,0
STX,PE,D,20100301,000000,17.1349,17.3671,17.0783,17.1349,0,0
STX,PE,D,20100302,000000,17.251,17.5407,17.1349,17.4256,0,0
STX,PE,D,20100303,000000,17.6568,17.8304,17.5407,17.8304,0,0
STX,PE,D,20100304,000000,17.7144,18.4674,17.6568,18.0616,0,0
STX,PE,D,20100305,000000,18.2938,18.2938,9.55129,9.55129,0,0
STX,PE,D,20100308,000000,9.60886,9.60886,9.43614,9.49464,0,0
STX,PE,D,20100309,000000,9.43614,9.55129,9.20586,9.26157,0,0
STX,PE,D,20100310,000000,9.20586,9.37857,9.20586,9.321,0,0
STX,PE,D,20100311,000000,9.43614,9.55129,9.37857,9.43614,0,0
STX,PE,D,20100312,000000,9.49464,9.60886,9.321,9.60886,0,0
STX,PE,D,20100315,000000,9.60886,9.84193,9.55129,9.84193,0,0
STX,PE,D,20100316,000000,9.8995,10.1883,9.8995,10.0146,0,0
STX,PE,D,20100317,000000,10.1307,10.1307,9.95707,10.0146,0,0
STX,PE,D,20100318,000000,10.0146,10.0146,9.78343,9.84193,0,0
STX,PE,D,20100319,000000,9.84193,9.8995,9.72493,9.72493,0,0
STX,PE,D,20100322,000000,9.66829,9.72493,9.55129,9.66829,0,0
STX,PE,D,20100323,000000,9.72493,10.0146,9.72493,9.95707,0,0
STX,PE,D,20100324,000000,10.0146,10.0731,9.78343,9.78343,0,0
STX,PE,D,20100325,000000,9.78343,9.95707,9.78343,9.95707,0,0
STX,PE,D,20100326,000000,9.84193,10.0731,9.84193,9.95707,0,0
STX,PE,D,20100329,000000,10.0146,10.0731,9.95707,9.95707,0,0
STX,PE,D,20100330,000000,10.0146,10.0146,9.78343,9.84193,0,0
STX,PE,D,20100331,000000,9.84193,9.84193,9.60886,9.60886,0,0
STX,PE,D,20100401,000000,9.66829,9.84193,9.60886,9.84193,0,0
STX,PE,D,20100406,000000,9.95707,9.95707,9.72493,9.72493,0,0
STX,PE,D,20100407,000000,9.78343,9.78343,9.60886,9.78343,0,0
STX,PE,D,20100408,000000,9.72493,9.84193,9.60886,9.72493,0,0
STX,PE,D,20100409,000000,9.66829,9.84193,9.43614,9.55129,0,0
STX,PE,D,20100412,000000,9.55129,9.72493,9.49464,9.60886,0,0
STX,PE,D,20100413,000000,9.55129,9.66829,9.55129,9.55129,0,0
STX,PE,D,20100414,000000,9.55129,10.2468,9.55129,10.1307,0,0
STX,PE,D,20100415,000000,10.3044,10.3044,9.8995,10.0146,0,0
STX,PE,D,20100416,000000,9.95707,10.2468,9.95707,10.2468,0,0
STX,PE,D,20100419,000000,10.1307,10.1307,9.8995,9.95707,0,0
STX,PE,D,20100420,000000,9.95707,10.2468,9.84193,10.0146,0,0
STX,PE,D,20100421,000000,10.0731,10.0731,9.8995,9.95707,0,0
STX,PE,D,20100422,000000,10.0146,10.0146,9.72493,9.84193,0,0
STX,PE,D,20100423,000000,9.84193,10.1307,9.84193,10.0146,0,0
STX,PE,D,20100426,000000,10.0731,10.2468,10.0146,10.2468,0,0
STX,PE,D,20100427,000000,10.1307,10.2468,10.1307,10.1307,0,0
STX,PE,D,20100428,000000,9.95707,9.95707,9.78343,9.8995,0,0
STX,PE,D,20100429,000000,9.8995,10.0146,9.8995,9.95707,0,0
STX,PE,D,20100430,000000,10.0146,10.1307,9.95707,10.0731,0,0
STX,PE,D,20100504,000000,10.0731,10.0731,9.66829,9.66829,0,0
STX,PE,D,20100505,000000,9.66829,9.66829,9.321,9.37857,0,0
STX,PE,D,20100506,000000,9.26157,9.55129,9.26157,9.37857,0,0
STX,PE,D,20100507,000000,9.26157,9.26157,9.03221,9.26157,0,0
STX,PE,D,20100510,000000,9.321,9.49464,9.321,9.43614,0,0
STX,PE,D,20100511,000000,9.37857,9.37857,9.20586,9.20586,0,0
STX,PE,D,20100512,000000,9.26157,9.66829,9.26157,9.55129,0,0
STX,PE,D,20100513,000000,9.72493,9.72493,9.43614,9.43614,0,0
STX,PE,D,20100514,000000,9.37857,9.37857,7.75738,7.75738,0,0
STX,PE,D,20100517,000000,7.69906,7.69906,7.46766,7.46766,0,0
STX,PE,D,20100518,000000,7.58374,7.69906,7.17869,7.23561,0,0
STX,PE,D,20100519,000000,7.29467,7.29467,6.83029,6.88916,0,0
STX,PE,D,20100520,000000,6.88916,7.00505,6.71524,6.71524,0,0
STX,PE,D,20100521,000000,6.65786,6.88916,6.59926,6.88916,0,0
STX,PE,D,20100524,000000,6.94664,7.00505,6.83029,6.88916,0,0
STX,PE,D,20100525,000000,6.83029,6.83029,6.65786,6.83029,0,0
STX,PE,D,20100526,000000,6.88916,7.06262,6.88916,7.06262,0,0
STX,PE,D,20100527,000000,7.06262,7.17869,7.06262,7.12103,0,0
STX,PE,D,20100528,000000,7.12103,7.17869,7.00505,7.12103,0,0
STX,PE,D,20100531,000000,7.00505,7.12103,6.94664,7.06262,0,0
STX,PE,D,20100601,000000,7.00505,7.06262,6.94664,7.06262,0,0
STX,PE,D,20100602,000000,7.17869,7.17869,7.06262,7.06262,0,0
STX,PE,D,20100604,000000,7.00505,7.12103,6.94664,6.94664,0,0
STX,PE,D,20100607,000000,6.88916,6.94664,6.83029,6.88916,0,0
STX,PE,D,20100608,000000,7.00505,7.00505,6.94664,6.94664,0,0
STX,PE,D,20100609,000000,7.06262,7.06262,6.88916,7.00505,0,0
STX,PE,D,20100610,000000,7.06262,7.06262,6.94664,7.00505,0,0
STX,PE,D,20100611,000000,7.00505,7.06262,6.94664,6.94664,0,0
STX,PE,D,20100614,000000,6.94664,6.94664,6.83029,6.88916,0,0
STX,PE,D,20100615,000000,6.83029,6.94664,6.77319,6.88916,0,0
STX,PE,D,20100616,000000,6.88916,7.00505,6.88916,6.94664,0,0
STX,PE,D,20100617,000000,6.94664,7.00505,6.88916,6.94664,0,0
STX,PE,D,20100618,000000,6.94664,7.00505,6.83029,6.88916,0,0
STX,PE,D,20100621,000000,6.94664,7.12103,6.94664,7.06262,0,0
STX,PE,D,20100622,000000,7.06262,7.17869,7.00505,7.00505,0,0
STX,PE,D,20100623,000000,7.00505,7.06262,6.88916,6.94664,0,0
STX,PE,D,20100624,000000,6.88916,6.94664,6.77319,6.88916,0,0
STX,PE,D,20100625,000000,6.88916,6.94664,6.83029,6.88916,0,0
STX,PE,D,20100628,000000,6.88916,6.88916,6.77319,6.88916,0,0
STX,PE,D,20100629,000000,6.88916,6.88916,6.77319,6.83029,0,0
STX,PE,D,20100630,000000,6.83029,6.88916,6.65786,6.71524,0,0
STX,PE,D,20100701,000000,6.59926,6.83029,6.59926,6.77319,0,0
STX,PE,D,20100702,000000,6.71524,6.88916,6.65786,6.88916,0,0
STX,PE,D,20100705,000000,6.83029,6.83029,6.59926,6.65786,0,0
STX,PE,D,20100706,000000,6.77319,6.77319,6.71524,6.71524,0,0
STX,PE,D,20100707,000000,6.65786,6.77319,6.59926,6.65786,0,0
STX,PE,D,20100708,000000,6.77319,6.77319,6.71524,6.71524,0,0
STX,PE,D,20100709,000000,6.71524,6.83029,6.65786,6.71524,0,0
STX,PE,D,20100712,000000,6.71524,6.77319,6.59926,6.65786,0,0
STX,PE,D,20100713,000000,6.65786,6.77319,6.65786,6.71524,0,0
STX,PE,D,20100714,000000,6.83029,6.83029,6.71524,6.77319,0,0
STX,PE,D,20100715,000000,6.83029,6.88916,6.77319,6.88916,0,0
STX,PE,D,20100716,000000,6.88916,6.94664,6.83029,6.88916,0,0
STX,PE,D,20100719,000000,6.88916,6.88916,6.77319,6.83029,0,0
STX,PE,D,20100720,000000,6.77319,6.83029,6.77319,6.77319,0,0
STX,PE,D,20100721,000000,6.83029,6.88916,6.71524,6.71524,0,0
STX,PE,D,20100722,000000,6.77319,6.83029,6.71524,6.83029,0,0
STX,PE,D,20100723,000000,6.83029,7.06262,6.83029,7.00505,0,0
STX,PE,D,20100726,000000,7.06262,7.46766,7.06262,7.29467,0,0
STX,PE,D,20100727,000000,7.41009,7.41009,7.12103,7.12103,0,0
STX,PE,D,20100728,000000,7.12103,7.17869,7.06262,7.06262,0,0
STX,PE,D,20100729,000000,7.12103,7.29467,7.12103,7.23561,0,0
STX,PE,D,20100730,000000,7.23561,7.23561,7.06262,7.12103,0,0
STX,PE,D,20100802,000000,7.17869,7.23561,7.12103,7.12103,0,0
STX,PE,D,20100803,000000,7.23561,7.23561,7.12103,7.12103,0,0
STX,PE,D,20100804,000000,7.23561,7.35169,7.23561,7.29467,0,0
STX,PE,D,20100805,000000,7.35169,7.41009,7.23561,7.29467,0,0
STX,PE,D,20100806,000000,7.29467,9.37857,7.23561,9.37857,0,0
STX,PE,D,20100809,000000,9.321,9.37857,9.20586,9.37857,0,0
STX,PE,D,20100810,000000,9.321,9.321,9.20586,9.20586,0,0
STX,PE,D,20100811,000000,9.20586,9.20586,9.08793,9.14643,0,0
STX,PE,D,20100812,000000,9.14643,9.14643,9.03221,9.08793,0,0
STX,PE,D,20100813,000000,9.26157,9.26157,9.14643,9.14643,0,0
STX,PE,D,20100816,000000,9.14643,9.20586,9.08793,9.14643,0,0
STX,PE,D,20100817,000000,9.20586,9.20586,9.03221,9.14643,0,0
STX,PE,D,20100818,000000,9.14643,9.14643,8.97279,9.08793,0,0
STX,PE,D,20100819,000000,9.08793,9.20586,9.08793,9.08793,0,0
STX,PE,D,20100820,000000,9.08793,9.08793,9.03221,9.08793,0,0
STX,PE,D,20100823,000000,9.03221,9.26157,9.03221,9.26157,0,0
STX,PE,D,20100824,000000,9.20586,9.20586,9.03221,9.08793,0,0
STX,PE,D,20100825,000000,8.97279,9.03221,8.91429,8.97279,0,0
STX,PE,D,20100826,000000,9.03221,9.03221,8.91429,8.97279,0,0
STX,PE,D,20100827,000000,8.91429,9.08793,8.91429,9.08793,0,0
STX,PE,D,20100830,000000,9.03221,9.14643,9.03221,9.14643,0,0
STX,PE,D,20100831,000000,9.08793,9.08793,8.85764,9.08793,0,0
STX,PE,D,20100901,000000,9.08793,9.20586,8.91429,9.20586,0,0
STX,PE,D,20100902,000000,9.14643,9.14643,8.97279,9.08793,0,0
STX,PE,D,20100903,000000,8.97279,9.08793,8.97279,9.08793,0,0
STX,PE,D,20100906,000000,9.08793,9.08793,8.85764,8.91429,0,0
STX,PE,D,20100907,000000,8.91429,9.08793,8.85764,8.85764,0,0
STX,PE,D,20100908,000000,8.85764,8.97279,8.85764,8.97279,0,0
STX,PE,D,20100909,000000,9.03221,9.03221,8.91429,8.91429,0,0
STX,PE,D,20100910,000000,8.91429,9.03221,8.91429,8.97279,0,0
STX,PE,D,20100913,000000,8.97279,8.97279,8.79961,8.85764,0,0
STX,PE,D,20100914,000000,8.97279,8.97279,8.85764,8.91429,0,0
STX,PE,D,20100915,000000,8.91429,8.91429,8.79961,8.91429,0,0
STX,PE,D,20100916,000000,8.91429,9.03221,8.79961,9.03221,0,0
STX,PE,D,20100917,000000,8.97279,9.03221,8.91429,8.97279,0,0
STX,PE,D,20100920,000000,8.91429,8.97279,8.85764,8.91429,0,0
STX,PE,D,20100921,000000,8.91429,8.97279,8.85764,8.97279,0,0
STX,PE,D,20100922,000000,8.97279,8.97279,8.79961,8.91429,0,0
STX,PE,D,20100923,000000,8.85764,8.85764,8.79961,8.85764,0,0
STX,PE,D,20100924,000000,8.85764,8.85764,8.79961,8.85764,0,0
STX,PE,D,20100927,000000,8.85764,8.85764,8.68381,8.74083,0,0
STX,PE,D,20100928,000000,8.68381,8.74083,8.62504,8.74083,0,0
STX,PE,D,20100929,000000,8.68381,8.68381,8.62504,8.68381,0,0
STX,PE,D,20100930,000000,8.62504,8.79961,8.62504,8.79961,0,0
STX,PE,D,20101001,000000,8.79961,8.85764,8.56895,8.68381,0,0
STX,PE,D,20101004,000000,8.62504,8.68381,8.56895,8.62504,0,0
STX,PE,D,20101005,000000,8.62504,8.68381,8.56895,8.62504,0,0
STX,PE,D,20101006,000000,8.68381,8.74083,8.62504,8.62504,0,0
STX,PE,D,20101007,000000,8.62504,8.68381,8.56895,8.62504,0,0
STX,PE,D,20101008,000000,8.56895,8.62504,8.56895,8.62504,0,0
STX,PE,D,20101011,000000,8.62504,8.62504,8.56895,8.62504,0,0
STX,PE,D,20101012,000000,8.62504,8.62504,8.56895,8.62504,0,0
STX,PE,D,20101013,000000,8.62504,8.68381,8.56895,8.62504,0,0
STX,PE,D,20101014,000000,8.68381,8.68381,8.45223,8.51017,0,0
STX,PE,D,20101015,000000,8.51017,8.51017,8.39438,8.45223,0,0
STX,PE,D,20101018,000000,8.45223,8.45223,8.27775,8.33653,0,0
STX,PE,D,20101019,000000,8.27775,8.39438,8.27775,8.39438,0,0
STX,PE,D,20101020,000000,8.33653,8.39438,8.27775,8.27775,0,0
STX,PE,D,20101021,000000,8.39438,8.45223,8.33653,8.33653,0,0
STX,PE,D,20101022,000000,8.39438,8.45223,8.27775,8.33653,0,0
STX,PE,D,20101025,000000,8.33653,8.39438,8.2199,8.27775,0,0
STX,PE,D,20101026,000000,8.27775,8.27775,7.98878,8.04719,0,0
STX,PE,D,20101027,000000,7.98878,7.98878,7.87271,7.98878,0,0
STX,PE,D,20101028,000000,8.04719,8.04719,7.87271,7.98878,0,0
STX,PE,D,20101029,000000,7.98878,8.04719,7.87271,7.98878,0,0
STX,PE,D,20101102,000000,7.98878,8.10476,7.93176,7.98878,0,0
STX,PE,D,20101103,000000,7.98878,8.04719,7.87271,7.98878,0,0
STX,PE,D,20101104,000000,7.98878,8.04719,7.87271,7.93176,0,0
STX,PE,D,20101105,000000,7.98878,8.04719,7.93176,8.04719,0,0
STX,PE,D,20101108,000000,8.10476,8.45223,8.10476,8.45223,0,0
STX,PE,D,20101109,000000,8.51017,8.51017,8.27775,8.33653,0,0
STX,PE,D,20101110,000000,8.33653,8.33653,8.27775,8.33653,0,0
STX,PE,D,20101112,000000,8.39438,8.51017,8.39438,8.45223,0,0
STX,PE,D,20101115,000000,8.45223,8.45223,4.92069,4.92069,0,0
STX,PE,D,20101116,000000,4.86284,4.86284,4.6891,4.74695,0,0
STX,PE,D,20101117,000000,4.74695,4.80489,4.63125,4.74695,0,0
STX,PE,D,20101118,000000,4.74695,4.74695,4.6891,4.6891,0,0
STX,PE,D,20101119,000000,4.63125,4.74695,4.5734,4.5734,0,0
STX,PE,D,20101122,000000,4.51536,4.51536,4.34172,4.39966,0,0
STX,PE,D,20101123,000000,4.34172,4.34172,4.28387,4.34172,0,0
STX,PE,D,20101124,000000,4.34172,4.51536,4.34172,4.39966,0,0
STX,PE,D,20101125,000000,4.39966,4.45761,4.39966,4.39966,0,0
STX,PE,D,20101126,000000,4.45761,4.51536,4.34172,4.51536,0,0
STX,PE,D,20101129,000000,4.45761,4.45761,4.39966,4.39966,0,0
STX,PE,D,20101130,000000,4.39966,4.45761,4.34172,4.45761,0,0
STX,PE,D,20101201,000000,4.51536,4.51536,4.39966,4.39966,0,0
STX,PE,D,20101202,000000,4.39966,4.39966,4.34172,4.39966,0,0
STX,PE,D,20101203,000000,4.39966,4.39966,4.34172,4.34172,0,0
STX,PE,D,20101206,000000,4.34172,4.34172,4.34172,4.34172,0,0
STX,PE,D,20101207,000000,4.34172,4.39966,4.34172,4.34172,0,0
STX,PE,D,20101208,000000,4.34172,4.45761,4.34172,4.45761,0,0
STX,PE,D,20101209,000000,4.45761,4.63125,4.45761,4.5734,0,0
STX,PE,D,20101210,000000,4.5734,4.5734,4.51536,4.5734,0,0
STX,PE,D,20101213,000000,4.5734,4.5734,4.51536,4.5734,0,0
STX,PE,D,20101214,000000,4.51536,4.5734,4.51536,4.51536,0,0
STX,PE,D,20101215,000000,4.51536,4.51536,4.34172,4.51536,0,0
STX,PE,D,20101216,000000,4.39966,4.45761,4.39966,4.45761,0,0
STX,PE,D,20101217,000000,4.45761,4.51536,4.39966,4.51536,0,0
STX,PE,D,20101220,000000,4.51536,4.63125,4.45761,4.51536,0,0
STX,PE,D,20101221,000000,4.5734,4.5734,4.45761,4.51536,0,0
STX,PE,D,20101222,000000,4.51536,4.63125,4.51536,4.51536,0,0
STX,PE,D,20101223,000000,4.51536,4.5734,4.45761,4.51536,0,0
STX,PE,D,20101227,000000,4.45761,4.51536,4.45761,4.45761,0,0
STX,PE,D,20101228,000000,4.39966,4.45761,4.39966,4.45761,0,0
STX,PE,D,20101229,000000,4.51536,4.5734,4.45761,4.51536,0,0
STX,PE,D,20101230,000000,4.51536,4.5734,4.45761,4.51536,0,0
STX,PE,D,20101231,000000,4.45761,4.5734,4.45761,4.51536,0,0
STX,PE,D,20110103,000000,4.45761,4.51536,4.45761,4.45761,0,0
STX,PE,D,20110104,000000,4.51536,4.74695,4.45761,4.63125,0,0
STX,PE,D,20110105,000000,4.6891,4.6891,4.51536,4.6891,0,0
STX,PE,D,20110107,000000,4.6891,4.74695,4.63125,4.74695,0,0
STX,PE,D,20110110,000000,4.80489,4.80489,4.5734,4.63125,0,0
STX,PE,D,20110111,000000,4.5734,4.6891,4.51536,4.63125,0,0
STX,PE,D,20110112,000000,4.5734,4.80489,4.5734,4.74695,0,0
STX,PE,D,20110113,000000,4.74695,4.80489,4.74695,4.80489,0,0
STX,PE,D,20110114,000000,4.80489,4.80489,4.6891,4.74695,0,0
STX,PE,D,20110117,000000,4.74695,4.80489,4.6891,4.74695,0,0
STX,PE,D,20110118,000000,4.74695,4.80489,4.74695,4.80489,0,0
STX,PE,D,20110119,000000,4.92069,4.92069,4.74695,4.74695,0,0
STX,PE,D,20110120,000000,4.6891,4.74695,4.6891,4.74695,0,0
STX,PE,D,20110121,000000,4.74695,4.74695,4.6891,4.74695,0,0
STX,PE,D,20110124,000000,4.74695,4.74695,4.6891,4.6891,0,0
STX,PE,D,20110125,000000,4.63125,4.6891,4.63125,4.6891,0,0
STX,PE,D,20110126,000000,4.63125,4.6891,4.63125,4.63125,0,0
STX,PE,D,20110127,000000,4.63125,4.6891,4.5734,4.63125,0,0
STX,PE,D,20110128,000000,4.63125,4.63125,4.63125,4.63125,0,0
STX,PE,D,20110131,000000,4.5734,4.63125,4.5734,4.5734,0,0
STX,PE,D,20110201,000000,4.5734,4.5734,4.51536,4.5734,0,0
STX,PE,D,20110202,000000,4.5734,4.5734,4.51536,4.5734,0,0
STX,PE,D,20110203,000000,4.51536,4.63125,4.51536,4.63125,0,0
STX,PE,D,20110204,000000,4.63125,4.63125,4.5734,4.63125,0,0
STX,PE,D,20110207,000000,4.63125,4.63125,4.5734,4.63125,0,0
STX,PE,D,20110208,000000,4.63125,4.63125,4.5734,4.5734,0,0
STX,PE,D,20110209,000000,4.51536,4.5734,4.51536,4.5734,0,0
STX,PE,D,20110210,000000,4.5734,4.5734,4.51536,4.5734,0,0
STX,PE,D,20110211,000000,4.51536,4.5734,4.51536,4.5734,0,0
STX,PE,D,20110214,000000,4.5734,4.63125,4.51536,4.5734,0,0
STX,PE,D,20110215,000000,4.5734,4.63125,4.51536,4.5734,0,0
STX,PE,D,20110216,000000,4.63125,4.6891,4.5734,4.63125,0,0
STX,PE,D,20110217,000000,4.6891,4.6891,4.5734,4.63125,0,0
STX,PE,D,20110218,000000,4.63125,4.63125,4.5734,4.5734,0,0
STX,PE,D,20110221,000000,4.51536,4.63125,4.51536,4.63125,0,0
STX,PE,D,20110222,000000,4.5734,4.63125,4.5734,4.5734,0,0
STX,PE,D,20110223,000000,4.51536,4.5734,4.51536,4.5734,0,0
STX,PE,D,20110224,000000,4.51536,4.5734,4.45761,4.51536,0,0
STX,PE,D,20110225,000000,4.51536,4.5734,4.45761,4.51536,0,0
STX,PE,D,20110228,000000,4.51536,4.63125,4.45761,4.5734,0,0
STX,PE,D,20110301,000000,4.63125,4.63125,4.45761,4.5734,0,0
STX,PE,D,20110302,000000,4.51536,4.5734,4.51536,4.5734,0,0
STX,PE,D,20110303,000000,4.5734,4.63125,4.45761,4.51536,0,0
STX,PE,D,20110304,000000,4.63125,4.63125,4.51536,4.5734,0,0
STX,PE,D,20110307,000000,4.63125,18.6986,4.51536,18.6986,0,0
STX,PE,D,20110308,000000,18.8138,18.8138,18.5241,18.5826,0,0
STX,PE,D,20110309,000000,18.5826,18.7562,18.4674,18.5826,0,0
STX,PE,D,20110310,000000,18.5826,18.7562,18.1777,18.1777,0,0
STX,PE,D,20110311,000000,18.2938,18.2938,17.888,18.0031,0,0
STX,PE,D,20110314,000000,18.1192,18.4089,17.8304,17.888,0,0
STX,PE,D,20110315,000000,17.888,18.0616,16.9046,17.3086,0,0
STX,PE,D,20110316,000000,17.0198,17.4256,17.0198,17.3086,0,0
STX,PE,D,20110317,000000,17.4256,17.4256,17.0198,17.3086,0,0
STX,PE,D,20110318,000000,17.1349,17.3086,17.0198,17.3086,0,0
STX,PE,D,20110321,000000,17.3086,17.3086,17.0198,17.0198,0,0
STX,PE,D,20110322,000000,17.0198,17.0198,16.4413,16.7876,0,0
STX,PE,D,20110323,000000,16.7876,17.0198,16.614,17.0198,0,0
STX,PE,D,20110324,000000,17.1349,17.1349,16.7301,16.9046,0,0
STX,PE,D,20110325,000000,16.9046,17.0783,16.9046,17.0198,0,0
STX,PE,D,20110328,000000,17.0198,17.3086,16.9046,17.1944,0,0
STX,PE,D,20110329,000000,17.1944,17.1944,16.9046,17.0198,0,0
STX,PE,D,20110330,000000,17.0198,17.0198,16.9046,17.0198,0,0
STX,PE,D,20110331,000000,16.9046,17.1349,16.9046,17.0198,0,0
STX,PE,D,20110401,000000,17.0198,17.4822,17.0198,17.4822,0,0
STX,PE,D,20110404,000000,17.4822,17.4822,17.1944,17.3086,0,0
STX,PE,D,20110405,000000,17.3086,17.4256,17.1349,17.1944,0,0
STX,PE,D,20110406,000000,17.1944,17.3671,17.1944,17.3086,0,0
STX,PE,D,20110407,000000,17.3086,17.4822,17.0198,17.4822,0,0
STX,PE,D,20110408,000000,17.4822,18.3514,17.3671,18.1777,0,0
STX,PE,D,20110411,000000,18.1777,19.5669,18.1777,18.8723,0,0
STX,PE,D,20110412,000000,18.8723,19.1611,18.5826,18.8723,0,0
STX,PE,D,20110413,000000,19.0459,19.0459,18.5826,18.5826,0,0
STX,PE,D,20110414,000000,18.4674,18.5826,17.888,18.0031,0,0
STX,PE,D,20110415,000000,17.8304,18.0031,17.8304,18.0031,0,0
STX,PE,D,20110418,000000,18.0031,18.2938,17.5983,17.888,0,0
STX,PE,D,20110419,000000,17.7719,18.0616,17.7719,18.0031,0,0
STX,PE,D,20110420,000000,18.1192,18.1192,17.4256,17.7144,0,0
STX,PE,D,20110421,000000,17.5983,17.888,17.4256,17.888,0,0
STX,PE,D,20110426,000000,17.5983,17.888,17.4822,17.5983,0,0
STX,PE,D,20110427,000000,17.5983,17.7719,17.3671,17.4822,0,0
STX,PE,D,20110428,000000,17.4822,17.5983,17.3671,17.4822,0,0
STX,PE,D,20110429,000000,17.4822,17.5983,17.3671,17.5983,0,0
STX,PE,D,20110502,000000,17.5983,17.7719,17.4822,17.7144,0,0
STX,PE,D,20110504,000000,17.5407,17.8304,17.5407,17.7144,0,0
STX,PE,D,20110505,000000,17.5983,17.7144,17.4256,17.4822,0,0
STX,PE,D,20110506,000000,17.4822,17.5983,17.1944,17.4822,0,0
STX,PE,D,20110509,000000,17.4822,17.4822,17.1944,17.3086,0,0
STX,PE,D,20110510,000000,17.1349,70.1044,16.2091,70.1044,0,0
STX,PE,D,20110511,000000,71.0301,72.1853,70.1044,70.6856,0,0
STX,PE,D,20110512,000000,71.6105,71.6105,69.8174,71.3171,0,0
STX,PE,D,20110513,000000,71.6105,72.1853,70.3913,71.3171,0,0
STX,PE,D,20110516,000000,71.6105,72.8306,69.8174,70.1044,0,0
STX,PE,D,20110517,000000,70.3913,71.0301,69.8174,70.1044,0,0
STX,PE,D,20110518,000000,69.238,72.1853,69.238,69.5249,0,0
STX,PE,D,20110519,000000,69.7004,69.7004,67.3279,69.5249,0,0
STX,PE,D,20110520,000000,69.8174,69.8174,68.6576,69.5249,0,0
STX,PE,D,20110523,000000,69.238,69.5249,68.0188,69.5249,0,0
STX,PE,D,20110524,000000,68.6576,69.8174,68.6576,68.9446,0,0
STX,PE,D,20110525,000000,68.5406,70.1044,68.5406,70.1044,0,0
STX,PE,D,20110526,000000,70.3913,71.0301,69.8174,70.1044,0,0
STX,PE,D,20110527,000000,70.3913,71.0301,68.6576,68.9446,0,0
STX,PE,D,20110530,000000,69.238,72.8306,69.238,71.3171,0,0
STX,PE,D,20110531,000000,73.4064,74.6256,69.238,69.5249,0,0
STX,PE,D,20110601,000000,71.0886,73.6413,68.9446,68.9446,0,0
STX,PE,D,20110602,000000,68.6576,69.238,68.3057,68.3057,0,0
STX,PE,D,20110603,000000,69.238,69.238,68.3057,68.3057,0,0
STX,PE,D,20110606,000000,68.6576,71.6105,68.0188,70.6856,0,0
STX,PE,D,20110607,000000,70.3913,71.0301,70.1044,70.1044,0,0
STX,PE,D,20110608,000000,69.8174,70.3913,69.238,70.1044,0,0
STX,PE,D,20110609,000000,69.8174,69.8174,69.238,69.5249,0,0
STX,PE,D,20110610,000000,69.8174,69.8174,68.6576,68.9446,0,0
STX,PE,D,20110613,000000,68.6576,69.8174,68.6576,68.9446,0,0
STX,PE,D,20110614,000000,69.238,69.238,68.6576,68.9446,0,0
STX,PE,D,20110615,000000,68.6576,68.9446,68.0188,68.3057,0,0
STX,PE,D,20110616,000000,68.6576,68.6576,68.0188,68.3057,0,0
STX,PE,D,20110617,000000,68.0188,68.6576,67.4459,68.3057,0,0
STX,PE,D,20110620,000000,68.6576,68.6576,66.2276,66.5786,0,0
STX,PE,D,20110621,000000,66.2276,67.4459,65.6463,66.5786,0,0
STX,PE,D,20110622,000000,66.859,66.859,63.856,64.7762,0,0
STX,PE,D,20110624,000000,63.2729,64.4317,62.9831,62.9831,0,0
STX,PE,D,20110627,000000,63.2729,63.2729,57.8909,59.3961,0,0
STX,PE,D,20110628,000000,58.4694,60.8985,58.4694,60.0321,0,0
STX,PE,D,20110629,000000,59.6839,61.7714,59.1064,61.7714,0,0
STX,PE,D,20110630,000000,62.0564,62.6377,62.0564,62.4084,0,0
STX,PE,D,20110701,000000,62.6377,62.6377,61.4807,62.4084,0,0
STX,PE,D,20110704,000000,62.0564,62.6377,60.8985,61.7714,0,0
STX,PE,D,20110705,000000,62.0564,62.6377,61.4807,61.7714,0,0
STX,PE,D,20110706,000000,62.0564,62.0564,59.6839,60.6144,0,0
STX,PE,D,20110707,000000,60.8985,61.7714,59.6839,61.7714,0,0
STX,PE,D,20110708,000000,61.4807,62.0564,60.8985,61.1891,0,0
STX,PE,D,20110711,000000,61.4807,61.4807,60.0321,60.0321,0,0
STX,PE,D,20110712,000000,60.8985,61.1891,60.2643,61.1891,0,0
STX,PE,D,20110713,000000,60.2643,61.4807,60.2643,61.1891,0,0
STX,PE,D,20110714,000000,61.4807,61.4807,60.8985,61.1891,0,0
STX,PE,D,20110715,000000,61.4807,61.7714,60.8985,61.7714,0,0
STX,PE,D,20110718,000000,61.4807,61.4807,60.0321,60.0321,0,0
STX,PE,D,20110719,000000,60.2643,61.4807,60.0321,60.0321,0,0
STX,PE,D,20110720,000000,61.4807,64.4317,60.8985,62.9831,0,0
STX,PE,D,20110721,000000,63.2729,63.856,60.8985,62.4084,0,0
STX,PE,D,20110722,000000,62.0564,62.0564,60.8985,61.7714,0,0
STX,PE,D,20110725,000000,62.0564,62.6377,62.0564,62.4084,0,0
STX,PE,D,20110726,000000,62.0564,63.2729,62.0564,62.9831,0,0
STX,PE,D,20110727,000000,62.6377,63.856,62.0564,62.4084,0,0
STX,PE,D,20110728,000000,62.0564,63.856,62.0564,62.9831,0,0
STX,PE,D,20110729,000000,63.2729,63.856,62.9831,62.9831,0,0
STX,PE,D,20110801,000000,63.2729,65.0669,63.2729,63.5644,0,0
STX,PE,D,20110802,000000,64.4317,64.4317,62.6377,62.9831,0,0
STX,PE,D,20110803,000000,62.6377,62.9831,60.8985,62.9831,0,0
STX,PE,D,20120309,000000,31.434,31.434,31.434,31.434,0,0
STX,PE,D,20120312,000000,31.6652,31.6652,31.0876,31.434,0,0
STX,PE,D,20120313,000000,31.6652,31.9559,31.3774,31.9559,0,0
STX,PE,D,20120314,000000,31.8974,32.4759,31.6652,32.4759,0,0
STX,PE,D,20120315,000000,32.4759,32.4759,31.8974,31.9559,0,0
STX,PE,D,20120316,000000,31.3774,31.9559,31.3774,31.9559,0,0
STX,PE,D,20120319,000000,31.8974,31.9559,31.3774,31.434,0,0
STX,PE,D,20120320,000000,31.3774,31.434,31.3774,31.434,0,0
STX,PE,D,20120321,000000,31.3774,31.8974,31.0876,31.1443,0,0
STX,PE,D,20120322,000000,31.0876,31.0876,29.4664,30.0458,0,0
STX,PE,D,20120323,000000,29.7551,29.7551,29.2342,29.5239,0,0
STX,PE,D,20120326,000000,29.4664,29.4664,28.6557,29.2342,0,0
STX,PE,D,20120327,000000,29.2342,29.2342,28.9445,28.9445,0,0
STX,PE,D,20120328,000000,28.9445,29.2342,28.6557,28.9445,0,0
STX,PE,D,20120329,000000,29.2342,29.2342,28.1348,28.7133,0,0
STX,PE,D,20120330,000000,28.6557,28.7133,27.6148,28.1348,0,0
STX,PE,D,20120402,000000,28.4236,28.4236,27.8451,28.1348,0,0
STX,PE,D,20120403,000000,28.1348,28.4236,27.6148,27.9026,0,0
STX,PE,D,20120404,000000,28.4236,28.4236,26.8032,26.8032,0,0
STX,PE,D,20120405,000000,27.0335,27.3241,26.8032,27.3241,0,0
STX,PE,D,20120410,000000,27.6148,27.6148,27.0335,27.3241,0,0
STX,PE,D,20120411,000000,27.6148,28.1348,27.0335,28.1348,0,0
STX,PE,D,20120412,000000,27.6148,29.2342,27.6148,28.9445,0,0
STX,PE,D,20120413,000000,29.2342,29.2342,28.4236,28.7133,0,0
STX,PE,D,20120416,000000,28.4236,28.6557,27.6148,27.6148,0,0
STX,PE,D,20120417,000000,27.6148,28.1348,27.6148,27.9026,0,0
STX,PE,D,20120418,000000,28.1348,28.1348,27.3241,27.3241,0,0
STX,PE,D,20120419,000000,27.6148,27.9026,27.3241,27.9026,0,0
STX,PE,D,20120420,000000,27.6148,27.9026,27.6148,27.9026,0,0
STX,PE,D,20120423,000000,27.3241,27.6148,27.0335,27.3241,0,0
STX,PE,D,20120424,000000,27.3241,27.6148,27.3241,27.6148,0,0
STX,PE,D,20120425,000000,27.6148,28.1348,27.3241,28.1348,0,0
STX,PE,D,20120426,000000,28.4236,28.4236,27.6148,28.1348,0,0
STX,PE,D,20120427,000000,28.4236,30.5667,27.6148,30.5667,0,0
STX,PE,D,20120430,000000,30.5667,31.1443,30.277,31.1443,0,0
STX,PE,D,20120502,000000,30.8555,31.9559,30.8555,31.9559,0,0
STX,PE,D,20120504,000000,31.0876,31.9559,30.8555,31.434,0,0
STX,PE,D,20120507,000000,30.8555,31.1443,30.0458,31.1443,0,0
STX,PE,D,20120508,000000,30.5667,30.5667,30.277,30.3346,0,0
STX,PE,D,20120509,000000,30.0458,30.277,28.9445,29.5239,0,0
STX,PE,D,20120510,000000,29.4664,29.4664,27.3241,27.3241,0,0
STX,PE,D,20120511,000000,27.0939,27.0939,26.572,27.0335,0,0
STX,PE,D,20120514,000000,27.0939,27.3241,26.572,26.572,0,0
STX,PE,D,20120515,000000,27.0939,27.0939,26.3399,26.572,0,0
STX,PE,D,20120516,000000,26.3399,26.572,26.3399,26.572,0,0
STX,PE,D,20120517,000000,26.0511,26.3399,25.298,25.298,0,0
STX,PE,D,20120518,000000,25.298,26.572,25.0668,26.2823,0,0
STX,PE,D,20120521,000000,26.3399,26.572,26.3399,26.572,0,0
STX,PE,D,20120522,000000,26.572,26.8032,26.2823,26.2823,0,0
STX,PE,D,20120523,000000,26.3399,26.3399,26.2823,26.2823,0,0
STX,PE,D,20120524,000000,26.3399,26.572,26.3399,26.572,0,0
STX,PE,D,20120525,000000,26.8032,27.0939,26.572,26.572,0,0
STX,PE,D,20120528,000000,26.8032,26.8032,26.3399,26.8032,0,0
STX,PE,D,20120529,000000,26.8032,27.0939,26.572,26.572,0,0
STX,PE,D,20120530,000000,26.572,26.8032,26.3399,26.8032,0,0
STX,PE,D,20120531,000000,27.0939,27.0939,27.0335,27.0335,0,0
STX,PE,D,20120601,000000,26.572,26.8032,26.3399,26.8032,0,0
STX,PE,D,20120604,000000,26.572,26.8032,26.3399,26.572,0,0
STX,PE,D,20120605,000000,26.572,26.8032,26.572,26.572,0,0
STX,PE,D,20120606,000000,26.572,26.8032,26.572,26.572,0,0
STX,PE,D,20120608,000000,26.8032,27.7875,26.572,27.7875,0,0
STX,PE,D,20120611,000000,27.8451,27.8451,27.3241,27.3241,0,0
STX,PE,D,20120612,000000,27.5554,27.5554,26.572,26.8032,0,0
STX,PE,D,20120613,000000,27.0939,27.0939,26.572,26.8032,0,0
STX,PE,D,20120614,000000,26.572,27.0939,26.572,26.8032,0,0
STX,PE,D,20120615,000000,26.8032,27.0939,26.8032,26.8032,0,0
STX,PE,D,20120618,000000,26.8032,26.8032,26.572,26.572,0,0
STX,PE,D,20120619,000000,26.572,27.3241,26.3399,27.3241,0,0
STX,PE,D,20120620,000000,27.3241,27.3241,26.572,26.8032,0,0
STX,PE,D,20120621,000000,26.8032,27.3241,26.8032,26.8032,0,0
STX,PE,D,20120622,000000,26.8032,26.8032,26.572,26.8032,0,0
STX,PE,D,20120625,000000,26.572,26.8032,26.572,26.572,0,0
STX,PE,D,20120626,000000,26.572,26.8032,26.572,26.8032,0,0
STX,PE,D,20120627,000000,26.572,27.8451,26.572,26.8032,0,0
STX,PE,D,20120628,000000,26.8032,27.3241,26.572,26.572,0,0
STX,PE,D,20120629,000000,26.572,27.3241,26.572,27.0335,0,0
STX,PE,D,20120702,000000,27.0939,27.0939,26.572,26.572,0,0
STX,PE,D,20120703,000000,26.572,26.8032,26.2823,26.2823,0,0
STX,PE,D,20120704,000000,26.3399,26.572,25.5868,26.572,0,0
STX,PE,D,20120705,000000,25.8189,26.8032,25.5868,26.8032,0,0
STX,PE,D,20120706,000000,26.8032,26.8032,26.572,26.8032,0,0
STX,PE,D,20120709,000000,26.572,26.572,26.572,26.572,0,0
STX,PE,D,20120710,000000,26.572,26.572,26.0511,26.572,0,0
STX,PE,D,20120711,000000,26.3399,27.0939,26.3399,26.572,0,0
STX,PE,D,20120712,000000,26.572,26.572,26.572,26.572,0,0
STX,PE,D,20120713,000000,26.572,27.0939,26.572,27.0335,0,0
STX,PE,D,20120716,000000,26.8032,26.8032,26.572,26.572,0,0
STX,PE,D,20120717,000000,26.572,27.0939,26.3399,27.0335,0,0
STX,PE,D,20120718,000000,26.572,27.3241,26.572,27.3241,0,0
STX,PE,D,20120719,000000,27.3241,27.5554,26.572,27.5554,0,0
STX,PE,D,20120720,000000,27.0939,28.0763,27.0939,27.7875,0,0
STX,PE,D,20120723,000000,27.3241,27.5554,26.8032,27.5554,0,0
STX,PE,D,20120724,000000,27.3241,28.3075,27.3241,28.3075,0,0
STX,PE,D,20120725,000000,28.3075,28.8294,28.0763,28.5396,0,0
STX,PE,D,20120726,000000,28.5981,29.0606,28.5396,28.5396,0,0
STX,PE,D,20120727,000000,28.5981,28.5981,28.5396,28.5396,0,0
STX,PE,D,20120730,000000,28.3075,29.0606,28.3075,29.0606,0,0
STX,PE,D,20120731,000000,29.0606,29.5806,29.0606,29.5239,0,0
STX,PE,D,20120801,000000,29.8136,29.8136,28.5981,29.0606,0,0
STX,PE,D,20120802,000000,28.5981,28.5981,27.7875,27.7875,0,0
STX,PE,D,20120803,000000,28.0763,28.0763,27.3241,27.9611,0,0
STX,PE,D,20120806,000000,27.9611,27.9611,26.6871,27.4402,0,0
STX,PE,D,20120807,000000,27.2081,27.2081,26.2238,26.9778,0,0
STX,PE,D,20120808,000000,26.4559,26.9778,26.4559,26.9778,0,0
STX,PE,D,20120809,000000,27.2081,27.2081,26.6871,26.9778,0,0
STX,PE,D,20120810,000000,27.2081,27.2081,26.9778,26.9778,0,0
STX,PE,D,20120813,000000,27.2081,27.4402,26.7456,27.4402,0,0
STX,PE,D,20120814,000000,27.4402,27.6714,27.4402,27.4402,0,0
STX,PE,D,20120816,000000,27.6714,28.1924,27.2081,28.1924,0,0
STX,PE,D,20120817,000000,28.4236,28.4236,27.6714,28.1924,0,0
STX,PE,D,20120820,000000,28.4236,28.7133,27.4402,28.7133,0,0
STX,PE,D,20120821,000000,28.7133,28.7133,27.9611,27.9611,0,0
STX,PE,D,20120822,000000,27.6714,28.1924,27.6714,28.1924,0,0
STX,PE,D,20120823,000000,28.1924,28.1924,27.4402,27.9611,0,0
STX,PE,D,20120824,000000,28.1924,28.1924,27.2081,28.1924,0,0
STX,PE,D,20120827,000000,28.1924,28.1924,27.9611,28.1924,0,0
STX,PE,D,20120828,000000,27.4402,28.1924,27.2081,28.1924,0,0
STX,PE,D,20120829,000000,28.1924,28.1924,27.4402,28.1924,0,0
STX,PE,D,20120830,000000,28.1924,28.4821,28.1924,28.4821,0,0
STX,PE,D,20120831,000000,28.1924,29.9297,28.1924,29.9297,0,0
STX,PE,D,20120903,000000,28.9445,29.9297,28.9445,29.9297,0,0
STX,PE,D,20120904,000000,29.6976,30.2185,29.1766,30.2185,0,0
STX,PE,D,20120905,000000,29.4664,30.2185,29.1766,29.1766,0,0
STX,PE,D,20120906,000000,29.1766,29.4664,28.7133,28.7133,0,0
STX,PE,D,20120907,000000,29.4664,29.4664,28.7133,29.1766,0,0
STX,PE,D,20120910,000000,29.4664,29.4664,28.7133,28.9445,0,0
STX,PE,D,20120911,000000,28.9445,29.1766,28.4236,28.7133,0,0
STX,PE,D,20120912,000000,28.7133,29.4664,28.7133,29.4664,0,0
STX,PE,D,20120913,000000,29.4664,29.6976,28.7133,29.6976,0,0
STX,PE,D,20120914,000000,29.4664,29.6976,29.1766,29.6976,0,0
STX,PE,D,20120917,000000,29.6976,29.6976,28.9445,29.4664,0,0
STX,PE,D,20120918,000000,29.4664,29.4664,28.7133,29.1766,0,0
STX,PE,D,20120919,000000,28.7133,29.1766,28.4236,29.1766,0,0
STX,PE,D,20120920,000000,28.7133,29.1766,28.4236,29.1766,0,0
STX,PE,D,20120921,000000,28.7133,29.4664,28.7133,29.4664,0,0
STX,PE,D,20120924,000000,28.7133,29.1766,28.7133,28.9445,0,0
STX,PE,D,20120925,000000,29.1766,29.1766,28.9445,29.1766,0,0
STX,PE,D,20120926,000000,29.1766,29.1766,28.9445,29.1766,0,0
STX,PE,D,20120927,000000,28.9445,29.4664,28.9445,29.4664,0,0
STX,PE,D,20120928,000000,29.1766,29.4664,28.9445,29.1766,0,0
STX,PE,D,20121001,000000,28.9445,29.1766,28.9445,29.1766,0,0
STX,PE,D,20121002,000000,28.7133,28.7133,28.7133,28.7133,0,0
STX,PE,D,20121003,000000,28.7133,28.9445,28.1924,28.9445,0,0
STX,PE,D,20121004,000000,28.9445,28.9445,28.7133,28.7133,0,0
STX,PE,D,20121005,000000,28.7133,28.9445,28.1924,28.9445,0,0
STX,PE,D,20121008,000000,28.9445,28.9445,28.1924,28.7133,0,0
STX,PE,D,20121009,000000,28.4236,28.7133,27.9611,28.7133,0,0
STX,PE,D,20121010,000000,28.4236,28.7133,28.1924,28.7133,0,0
STX,PE,D,20121011,000000,28.4236,28.7133,27.9611,28.4821,0,0
STX,PE,D,20121012,000000,28.1924,28.4821,27.9611,28.4821,0,0
STX,PE,D,20121015,000000,28.1924,28.7133,28.1924,28.7133,0,0
STX,PE,D,20121016,000000,28.7133,28.7133,28.1924,28.7133,0,0
STX,PE,D,20121017,000000,28.1924,28.4821,27.9611,28.4821,0,0
STX,PE,D,20121018,000000,27.9611,28.7133,27.6714,28.7133,0,0
STX,PE,D,20121019,000000,28.1924,28.7133,27.9611,28.7133,0,0
STX,PE,D,20121022,000000,28.4236,28.7133,27.9611,28.7133,0,0
STX,PE,D,20121023,000000,28.7133,28.7133,28.1924,28.7133,0,0
STX,PE,D,20121024,000000,28.7133,28.7133,28.1924,28.4821,0,0
STX,PE,D,20121025,000000,27.9611,28.4821,27.9611,28.4821,0,0
STX,PE,D,20121026,000000,28.4236,28.7133,27.9611,28.7133,0,0
STX,PE,D,20121029,000000,28.7133,28.7133,28.4236,28.7133,0,0
STX,PE,D,20121030,000000,28.7133,28.7133,28.1924,28.4821,0,0
STX,PE,D,20121031,000000,28.4236,28.4236,28.1924,28.1924,0,0
STX,PE,D,20121102,000000,27.9611,28.4821,27.9611,28.4821,0,0
STX,PE,D,20121105,000000,28.4236,28.4821,27.9611,28.4821,0,0
STX,PE,D,20121106,000000,27.9611,28.4821,26.9778,28.4821,0,0
STX,PE,D,20121107,000000,28.4236,28.7133,28.4236,28.7133,0,0
STX,PE,D,20121108,000000,28.7133,28.7133,28.1924,28.7133,0,0
STX,PE,D,20121109,000000,28.7133,29.4664,13.663,13.663,0,0
STX,PE,D,20121112,000000,13.663,13.7772,13.3139,13.7772,0,0
STX,PE,D,20121113,000000,13.546,13.7772,13.546,13.7772,0,0
STX,PE,D,20121114,000000,13.663,13.7772,13.546,13.546,0,0
STX,PE,D,20121115,000000,13.663,13.7772,13.4309,13.7772,0,0
STX,PE,D,20121116,000000,13.7772,13.7772,13.546,13.663,0,0
STX,PE,D,20121119,000000,13.546,13.663,13.4309,13.663,0,0
STX,PE,D,20121120,000000,13.663,13.663,13.3139,13.663,0,0
STX,PE,D,20121121,000000,13.546,13.546,13.0836,13.546,0,0
STX,PE,D,20121122,000000,13.546,13.546,13.1987,13.4309,0,0
STX,PE,D,20121123,000000,13.4309,13.546,13.3139,13.546,0,0
STX,PE,D,20121126,000000,13.4309,13.546,13.3139,13.546,0,0
STX,PE,D,20121127,000000,13.4309,13.546,13.1987,13.1987,0,0
STX,PE,D,20121128,000000,13.3139,13.546,13.1987,13.546,0,0
STX,PE,D,20121129,000000,13.546,13.546,13.4309,13.546,0,0
STX,PE,D,20121130,000000,13.546,13.663,13.4309,13.663,0,0
STX,PE,D,20121203,000000,13.546,13.7772,13.546,13.546,0,0
STX,PE,D,20121204,000000,13.546,13.546,13.4309,13.4309,0,0
STX,PE,D,20121205,000000,13.4309,13.663,13.4309,13.4309,0,0
STX,PE,D,20121206,000000,13.4309,13.4309,13.4309,13.4309,0,0
STX,PE,D,20121207,000000,13.4309,13.546,13.4309,13.4309,0,0
STX,PE,D,20121210,000000,13.4309,14.3566,13.4309,14.2415,0,0
STX,PE,D,20121211,000000,14.2415,16.2091,14.2415,15.5146,0,0
STX,PE,D,20121212,000000,15.3985,16.6725,14.9351,16.0921,0,0
STX,PE,D,20121213,000000,16.2091,16.2091,15.7458,16.2091,0,0
STX,PE,D,20121214,000000,16.2091,16.6725,15.7458,16.2091,0,0
STX,PE,D,20121217,000000,15.9779,16.0921,15.8619,16.0921,0,0
STX,PE,D,20121218,000000,15.8619,16.2091,15.5146,16.2091,0,0
STX,PE,D,20121219,000000,16.2091,16.2091,15.7458,16.0921,0,0
STX,PE,D,20121220,000000,15.8619,16.0921,15.8619,16.0921,0,0
STX,PE,D,20121221,000000,15.9779,16.2091,15.8619,16.2091,0,0
STX,PE,D,20121227,000000,16.0921,16.2091,15.8619,16.0921,0,0
STX,PE,D,20121228,000000,16.2091,16.4413,16.0921,16.2091,0,0
STX,PE,D,20130102,000000,16.2091,16.2091,15.8619,16.0921,0,0
STX,PE,D,20130103,000000,16.2091,17.251,16.2091,17.0198,0,0
STX,PE,D,20130104,000000,17.1349,17.1349,16.4413,16.7876,0,0
STX,PE,D,20130107,000000,16.7876,16.7876,15.9779,15.9779,0,0
STX,PE,D,20130108,000000,15.9779,16.4413,15.8619,16.4413,0,0
STX,PE,D,20130109,000000,16.4413,16.7876,16.4413,16.7876,0,0
STX,PE,D,20130110,000000,16.7876,17.5983,16.7876,17.251,0,0
STX,PE,D,20130111,000000,17.3671,17.4822,16.9046,16.9046,0,0
STX,PE,D,20130114,000000,16.9046,17.251,16.7876,16.9046,0,0
STX,PE,D,20130115,000000,16.6725,16.9046,16.4413,16.5574,0,0
STX,PE,D,20130116,000000,16.3252,16.3252,16.2091,16.2091,0,0
STX,PE,D,20130117,000000,16.2091,16.6725,16.2091,16.2091,0,0
STX,PE,D,20130118,000000,16.3252,16.4413,15.9779,16.0921,0,0
STX,PE,D,20130121,000000,16.2091,16.4413,16.0921,16.3252,0,0
STX,PE,D,20130122,000000,16.3252,16.3252,16.0921,16.0921,0,0
STX,PE,D,20130123,000000,16.0921,16.5574,15.7458,16.3252,0,0
STX,PE,D,20130124,000000,16.4413,16.7876,16.0921,16.6725,0,0
STX,PE,D,20130125,000000,16.7876,16.9046,16.6725,16.6725,0,0
STX,PE,D,20130128,000000,16.6725,16.6725,16.4413,16.4413,0,0
STX,PE,D,20130129,000000,16.3252,16.4413,16.2091,16.4413,0,0
STX,PE,D,20130130,000000,16.2091,16.3252,16.2091,16.3252,0,0
STX,PE,D,20130131,000000,16.2091,16.5574,16.0921,16.5574,0,0
STX,PE,D,20130201,000000,16.3252,16.5574,16.2091,16.3252,0,0
STX,PE,D,20130204,000000,16.2091,16.3252,16.2091,16.2091,0,0
STX,PE,D,20130205,000000,16.2091,16.2091,15.8619,16.0921,0,0
STX,PE,D,20130206,000000,16.0921,16.0921,16.0921,16.0921,0,0
STX,PE,D,20130207,000000,15.9779,16.2091,15.8619,16.2091,0,0
STX,PE,D,20130208,000000,16.2091,16.6725,16.2091,16.4413,0,0
STX,PE,D,20130211,000000,16.4413,16.4413,16.2091,16.4413,0,0
STX,PE,D,20130212,000000,16.5574,16.5574,16.0921,16.5574,0,0
STX,PE,D,20130213,000000,16.5574,16.5574,16.0921,16.5574,0,0
STX,PE,D,20130214,000000,16.5574,16.5574,16.0921,16.0921,0,0
STX,PE,D,20130215,000000,15.9779,16.2091,15.9779,16.2091,0,0
STX,PE,D,20130218,000000,16.2091,16.2091,15.8619,16.2091,0,0
STX,PE,D,20130219,000000,16.0921,16.4413,15.9779,15.9779,0,0
STX,PE,D,20130220,000000,15.9779,16.2091,15.8619,16.2091,0,0
STX,PE,D,20130221,000000,16.2091,16.2091,15.7458,16.0921,0,0
STX,PE,D,20130222,000000,16.0921,16.6725,15.8619,16.5574,0,0
STX,PE,D,20130225,000000,16.5574,16.6725,16.2091,16.6725,0,0
STX,PE,D,20130226,000000,16.5574,17.251,16.3252,17.1349,0,0
STX,PE,D,20130227,000000,17.0198,17.251,16.9046,17.1349,0,0
STX,PE,D,20130228,000000,17.0198,17.1349,17.0198,17.1349,0,0
STX,PE,D,20130301,000000,17.1349,17.1349,16.9046,17.0198,0,0
STX,PE,D,20130304,000000,17.0198,17.1349,16.9046,17.0198,0,0
STX,PE,D,20130305,000000,16.9046,17.0198,16.9046,17.0198,0,0
STX,PE,D,20130306,000000,17.0198,17.1349,16.6725,16.6725,0,0
STX,PE,D,20130307,000000,16.5574,16.6725,15.8619,16.2091,0,0
STX,PE,D,20130308,000000,16.3252,16.6725,16.2091,16.6725,0,0
STX,PE,D,20130311,000000,16.3252,23.9664,16.3252,23.9664,0,0
STX,PE,D,20130312,000000,23.7928,23.9664,23.6182,23.9664,0,0
STX,PE,D,20130313,000000,23.6182,23.9664,23.4455,23.7928,0,0
STX,PE,D,20130314,000000,23.7928,23.9664,23.7928,23.7928,0,0
STX,PE,D,20130315,000000,23.7928,24.3137,23.7928,24.1401,0,0
STX,PE,D,20130318,000000,24.1401,24.1401,23.6182,24.1401,0,0
STX,PE,D,20130319,000000,23.9664,24.1401,23.6182,24.1401,0,0
STX,PE,D,20130320,000000,23.9664,23.9664,23.7928,23.7928,0,0
STX,PE,D,20130321,000000,23.6182,23.9664,23.0973,23.9664,0,0
STX,PE,D,20130322,000000,23.6182,23.6182,23.0973,23.4455,0,0
STX,PE,D,20130325,000000,23.2709,23.7928,23.2709,23.6182,0,0
STX,PE,D,20130326,000000,23.4455,24.1401,23.2709,24.1401,0,0
STX,PE,D,20130327,000000,24.1401,26.2823,23.7928,24.1401,0,0
STX,PE,D,20130328,000000,24.1401,26.8032,23.9664,26.8032,0,0
STX,PE,D,20130402,000000,27.0939,27.0939,25.935,26.9778,0,0
STX,PE,D,20130403,000000,26.6296,26.6296,26.1086,26.6296,0,0
STX,PE,D,20130404,000000,26.1086,26.6296,25.7614,26.4559,0,0
STX,PE,D,20130405,000000,26.4559,27.6148,26.4559,26.9778,0,0
STX,PE,D,20130408,000000,26.9778,27.1514,26.9778,27.1514,0,0
STX,PE,D,20130409,000000,27.2656,27.6148,27.0939,27.4402,0,0
STX,PE,D,20130410,000000,27.2656,27.9611,27.2656,27.6148,0,0
STX,PE,D,20130411,000000,27.6148,28.3075,27.4402,28.3075,0,0
STX,PE,D,20130412,000000,27.7875,28.1348,27.7875,28.1348,0,0
STX,PE,D,20130415,000000,27.7875,28.3075,27.6148,28.3075,0,0
STX,PE,D,20130417,000000,28.3075,28.3075,27.2656,28.1348,0,0
STX,PE,D,20130418,000000,27.7875,28.3075,27.0939,27.7875,0,0
STX,PE,D,20130419,000000,27.7875,27.9611,27.0939,27.9611,0,0
STX,PE,D,20130422,000000,27.4402,27.9611,26.6296,26.9778,0,0
STX,PE,D,20130423,000000,26.6296,27.4402,26.4559,27.4402,0,0
STX,PE,D,20130424,000000,27.0939,27.6148,26.9778,27.6148,0,0
STX,PE,D,20130425,000000,27.6148,27.7875,27.2656,27.7875,0,0
STX,PE,D,20130426,000000,27.9611,28.3075,27.2656,28.3075,0,0
STX,PE,D,20130429,000000,27.9611,28.7718,27.9611,28.1348,0,0
STX,PE,D,20130430,000000,28.3075,28.3075,27.6148,28.1348,0,0
STX,PE,D,20130502,000000,27.7875,28.3075,27.7875,28.1348,0,0
STX,PE,D,20130506,000000,27.6148,28.1348,27.6148,27.6148,0,0
STX,PE,D,20130507,000000,27.6148,27.7875,27.2656,27.7875,0,0
STX,PE,D,20130508,000000,27.7875,27.9611,27.2656,27.9611,0,0
STX,PE,D,20130509,000000,27.9611,27.9611,27.4402,27.9611,0,0
STX,PE,D,20130510,000000,28.3075,29.1181,26.2823,26.2823,0,0
STX,PE,D,20130513,000000,26.1086,26.1086,10.4204,10.4204,0,0
STX,PE,D,20130514,000000,10.3619,10.7101,10.3044,10.5356,0,0
STX,PE,D,20130515,000000,10.6516,10.7677,10.5941,10.7101,0,0
STX,PE,D,20130516,000000,10.7677,11.4047,10.7101,11.2311,0,0
STX,PE,D,20130517,000000,11.1726,11.5199,11.1726,11.4047,0,0
STX,PE,D,20130520,000000,11.4614,11.752,11.3471,11.4047,0,0
STX,PE,D,20130521,000000,11.5199,11.6944,11.3471,11.635,0,0
STX,PE,D,20130522,000000,11.752,11.752,11.5784,11.6944,0,0
STX,PE,D,20130523,000000,11.6944,11.6944,11.3471,11.6944,0,0
STX,PE,D,20130524,000000,11.635,11.6944,11.4614,11.6944,0,0
STX,PE,D,20130527,000000,11.5784,12.0993,11.5784,11.9832,0,0
STX,PE,D,20130528,000000,11.752,11.8096,11.635,11.8096,0,0
STX,PE,D,20130529,000000,11.752,11.752,11.4614,11.752,0,0
STX,PE,D,20130531,000000,11.635,12.0993,11.635,12.0993,0,0
STX,PE,D,20130603,000000,12.0993,12.0993,11.6944,11.6944,0,0
STX,PE,D,20130604,000000,11.6944,12.0408,11.635,11.9256,0,0
STX,PE,D,20130605,000000,11.8096,11.9832,11.8096,11.9256,0,0
STX,PE,D,20130606,000000,11.9256,11.9256,11.8096,11.8096,0,0
STX,PE,D,20130607,000000,11.752,11.8096,11.6944,11.752,0,0
STX,PE,D,20130610,000000,11.752,11.8096,11.6944,11.6944,0,0
STX,PE,D,20130611,000000,11.6944,11.752,11.635,11.752,0,0
STX,PE,D,20130612,000000,11.635,11.752,11.635,11.635,0,0
STX,PE,D,20130613,000000,11.5784,11.5784,11.1726,11.2311,0,0
STX,PE,D,20130614,000000,11.2311,11.5199,10.998,11.3471,0,0
STX,PE,D,20130617,000000,11.3471,11.4614,11.3471,11.4047,0,0
STX,PE,D,20130618,000000,11.2886,11.4614,11.2886,11.4614,0,0
STX,PE,D,20130619,000000,11.4614,11.4614,11.1726,11.4614,0,0
STX,PE,D,20130620,000000,11.2886,11.9256,11.1726,11.9256,0,0
STX,PE,D,20130621,000000,11.8096,11.9256,11.5784,11.9256,0,0
STX,PE,D,20130624,000000,11.635,11.9256,11.5784,11.752,0,0
STX,PE,D,20130625,000000,11.752,11.752,11.635,11.752,0,0
STX,PE,D,20130626,000000,11.752,11.752,11.4614,11.752,0,0
STX,PE,D,20130627,000000,11.752,11.752,11.4614,11.752,0,0
STX,PE,D,20130628,000000,11.6944,12.0408,11.5784,11.752,0,0
STX,PE,D,20130701,000000,11.752,11.752,11.5784,11.5784,0,0
STX,PE,D,20130702,000000,11.5784,11.6944,11.3471,11.6944,0,0
STX,PE,D,20130703,000000,11.4047,11.6944,11.4047,11.5784,0,0
STX,PE,D,20130704,000000,11.5784,11.635,11.4614,11.635,0,0
STX,PE,D,20130705,000000,11.5784,11.6944,11.5199,11.635,0,0
STX,PE,D,20130708,000000,11.4047,11.5784,11.4047,11.5784,0,0
STX,PE,D,20130709,000000,11.5199,11.5199,11.3471,11.4614,0,0
STX,PE,D,20130710,000000,11.3471,11.4614,11.3471,11.4614,0,0
STX,PE,D,20130711,000000,11.4614,11.5784,11.4047,11.5784,0,0
STX,PE,D,20130712,000000,11.5784,11.5784,11.3471,11.5784,0,0
STX,PE,D,20130715,000000,11.5199,11.5784,11.4614,11.5784,0,0
STX,PE,D,20130716,000000,11.5784,11.5784,11.4614,11.4614,0,0
STX,PE,D,20130717,000000,11.3471,11.5784,10.7101,11.5784,0,0
STX,PE,D,20130718,000000,11.5784,11.5784,11.1726,11.4614,0,0
STX,PE,D,20130719,000000,11.5199,11.5784,11.3471,11.5784,0,0
STX,PE,D,20130722,000000,11.5784,11.5784,11.5199,11.5784,0,0
STX,PE,D,20130723,000000,11.5199,11.5784,11.2886,11.5784,0,0
STX,PE,D,20130724,000000,11.5784,11.5784,11.4614,11.5784,0,0
STX,PE,D,20130725,000000,11.5784,11.5784,11.4614,11.5784,0,0
STX,PE,D,20130726,000000,11.5784,11.5784,11.4614,11.5784,0,0
STX,PE,D,20130729,000000,11.5199,11.5199,11.4614,11.4614,0,0
STX,PE,D,20130730,000000,11.4047,11.5784,11.2886,11.5784,0,0
STX,PE,D,20130731,000000,11.5784,11.9256,11.4614,11.635,0,0
STX,PE,D,20130801,000000,11.6944,11.752,11.4047,11.752,0,0
STX,PE,D,20130802,000000,11.752,11.752,11.635,11.6944,0,0
STX,PE,D,20130805,000000,11.6944,11.752,11.6944,11.752,0,0
STX,PE,D,20130806,000000,11.752,11.752,11.6944,11.752,0,0
STX,PE,D,20130807,000000,11.6944,11.752,8.39438,8.39438,0,0
STX,PE,D,20130808,000000,8.39438,8.39438,8.27775,8.27775,0,0
STX,PE,D,20130809,000000,8.27775,8.39438,8.27775,8.39438,0,0
STX,PE,D,20130812,000000,8.2199,8.39438,8.2199,8.39438,0,0
STX,PE,D,20130813,000000,8.39438,8.39438,8.27775,8.39438,0,0
STX,PE,D,20130814,000000,8.39438,8.51017,8.33653,8.45223,0,0
STX,PE,D,20130816,000000,8.45223,8.56895,8.45223,8.51017,0,0
STX,PE,D,20130819,000000,8.51017,8.51017,8.39438,8.51017,0,0
STX,PE,D,20130820,000000,8.51017,8.51017,8.33653,8.45223,0,0
STX,PE,D,20130821,000000,8.33653,8.39438,8.33653,8.33653,0,0
STX,PE,D,20130822,000000,8.33653,8.97279,8.33653,8.51017,0,0
STX,PE,D,20130823,000000,8.51017,8.62504,8.45223,8.51017,0,0
STX,PE,D,20130826,000000,8.62504,8.91429,8.62504,8.85764,0,0
STX,PE,D,20130827,000000,8.97279,9.14643,8.97279,9.08793,0,0
STX,PE,D,20130828,000000,9.03221,9.14643,8.74083,9.14643,0,0
STX,PE,D,20130829,000000,9.20586,9.26157,9.14643,9.20586,0,0
STX,PE,D,20130830,000000,9.26157,9.49464,9.20586,9.49464,0,0
STX,PE,D,20130902,000000,9.26157,9.49464,9.26157,9.49464,0,0
STX,PE,D,20130903,000000,9.43614,9.43614,9.08793,9.26157,0,0
STX,PE,D,20130904,000000,9.08793,9.26157,9.03221,9.20586,0,0
STX,PE,D,20130905,000000,9.20586,9.20586,8.74083,8.91429,0,0
STX,PE,D,20130906,000000,8.85764,9.03221,8.79961,9.03221,0,0
STX,PE,D,20130909,000000,9.03221,9.37857,8.97279,9.37857,0,0
STX,PE,D,20130910,000000,9.321,9.43614,9.26157,9.37857,0,0
STX,PE,D,20130911,000000,9.26157,9.321,9.20586,9.26157,0,0
STX,PE,D,20130912,000000,9.26157,9.37857,9.14643,9.321,0,0
STX,PE,D,20130913,000000,9.26157,9.26157,9.03221,9.26157,0,0
STX,PE,D,20130916,000000,9.26157,9.26157,9.08793,9.26157,0,0
STX,PE,D,20130917,000000,9.14643,9.26157,9.08793,9.26157,0,0
STX,PE,D,20130918,000000,9.26157,9.37857,9.14643,9.37857,0,0
STX,PE,D,20130919,000000,9.43614,9.49464,9.26157,9.321,0,0
STX,PE,D,20130920,000000,9.26157,9.37857,9.26157,9.37857,0,0
STX,PE,D,20130923,000000,9.37857,9.43614,9.26157,9.43614,0,0
STX,PE,D,20130924,000000,9.321,9.60886,9.321,9.49464,0,0
STX,PE,D,20130925,000000,9.49464,9.84193,9.43614,9.84193,0,0
STX,PE,D,20130926,000000,9.84193,9.84193,9.66829,9.66829,0,0
STX,PE,D,20130927,000000,9.60886,9.66829,9.49464,9.55129,0,0
STX,PE,D,20130930,000000,9.43614,9.55129,9.37857,9.55129,0,0
STX,PE,D,20131001,000000,9.55129,9.60886,9.49464,9.55129,0,0
STX,PE,D,20131002,000000,9.43614,9.78343,9.43614,9.78343,0,0
STX,PE,D,20131003,000000,9.78343,10.4204,9.78343,10.1307,0,0
STX,PE,D,20131004,000000,10.3044,10.3044,10.1307,10.2468,0,0
STX,PE,D,20131007,000000,10.3044,10.4204,10.0146,10.2468,0,0
STX,PE,D,20131008,000000,10.3619,10.3619,9.8995,9.8995,0,0
STX,PE,D,20131009,000000,9.84193,10.2468,9.84193,10.1307,0,0
STX,PE,D,20131010,000000,10.2468,10.6516,10.1307,10.3044,0,0
STX,PE,D,20131011,000000,10.478,10.5356,10.3044,10.3044,0,0
STX,PE,D,20131014,000000,10.478,10.478,10.1883,10.478,0,0
STX,PE,D,20131015,000000,10.4204,10.4204,10.1883,10.2468,0,0
STX,PE,D,20131016,000000,10.3044,10.3619,10.1307,10.2468,0,0
STX,PE,D,20131017,000000,10.3619,11.115,10.3619,11.0565,0,0
STX,PE,D,20131018,000000,11.2311,11.5784,11.115,11.5784,0,0
STX,PE,D,20131021,000000,11.752,12.0993,11.6944,11.752,0,0
STX,PE,D,20131022,000000,11.8096,12.1569,11.635,11.8671,0,0
STX,PE,D,20131023,000000,11.9832,11.9832,11.635,11.635,0,0
STX,PE,D,20131024,000000,11.752,11.9256,11.635,11.8671,0,0
STX,PE,D,20131025,000000,11.8671,11.9256,11.5784,11.752,0,0
STX,PE,D,20131028,000000,11.752,11.8671,11.5199,11.6944,0,0
STX,PE,D,20131029,000000,11.5784,11.5784,11.1726,11.2886,0,0
STX,PE,D,20131030,000000,11.2886,11.635,11.1726,11.1726,0,0
STX,PE,D,20131031,000000,11.1726,11.3471,10.7101,11.2886,0,0
STX,PE,D,20131104,000000,11.1726,11.5784,11.1726,11.4047,0,0
STX,PE,D,20131105,000000,11.4614,11.8671,11.4047,11.5199,0,0
STX,PE,D,20131106,000000,11.5199,11.8671,11.5199,11.635,0,0
STX,PE,D,20131107,000000,11.635,11.752,11.2311,11.4614,0,0
STX,PE,D,20131108,000000,11.9256,12.2144,11.4614,12.2144,0,0
STX,PE,D,20131112,000000,12.3305,12.7363,7.75738,7.75738,0,0
STX,PE,D,20131113,000000,7.75738,7.75738,7.52607,7.64131,0,0
STX,PE,D,20131114,000000,7.58374,7.75738,7.58374,7.69906,0,0
STX,PE,D,20131115,000000,7.69906,7.75738,7.64131,7.75738,0,0
STX,PE,D,20131118,000000,7.75738,7.75738,7.58374,7.75738,0,0
STX,PE,D,20131119,000000,7.69906,7.75738,7.58374,7.58374,0,0
STX,PE,D,20131120,000000,7.58374,7.58374,7.29467,7.58374,0,0
STX,PE,D,20131121,000000,7.58374,7.64131,7.46766,7.64131,0,0
STX,PE,D,20131122,000000,7.64131,7.64131,7.41009,7.41009,0,0
STX,PE,D,20131125,000000,7.52607,7.52607,7.35169,7.46766,0,0
STX,PE,D,20131126,000000,7.41009,7.52607,7.35169,7.35169,0,0
STX,PE,D,20131127,000000,7.29467,7.52607,7.29467,7.46766,0,0
STX,PE,D,20131128,000000,7.46766,7.46766,7.41009,7.41009,0,0
STX,PE,D,20131129,000000,7.35169,7.64131,7.35169,7.64131,0,0
STX,PE,D,20131202,000000,7.58374,7.69906,7.41009,7.46766,0,0
STX,PE,D,20131203,000000,7.41009,7.41009,7.17869,7.41009,0,0
STX,PE,D,20131204,000000,7.17869,7.41009,7.17869,7.35169,0,0
STX,PE,D,20131205,000000,7.29467,7.46766,7.29467,7.46766,0,0
STX,PE,D,20131206,000000,7.41009,7.46766,7.41009,7.46766,0,0
STX,PE,D,20131209,000000,7.41009,7.64131,7.41009,7.58374,0,0
STX,PE,D,20131210,000000,7.58374,7.64131,7.52607,7.64131,0,0
STX,PE,D,20131211,000000,7.64131,7.64131,7.52607,7.64131,0,0
STX,PE,D,20131212,000000,7.58374,7.64131,7.46766,7.64131,0,0
STX,PE,D,20131213,000000,7.58374,7.64131,7.52607,7.64131,0,0
STX,PE,D,20131216,000000,7.52607,7.69906,7.52607,7.64131,0,0
STX,PE,D,20131217,000000,7.52607,7.64131,7.41009,7.52607,0,0
STX,PE,D,20131218,000000,7.46766,7.58374,7.35169,7.58374,0,0
STX,PE,D,20131219,000000,7.58374,7.58374,7.35169,7.52607,0,0
STX,PE,D,20131220,000000,7.46766,7.52607,7.35169,7.46766,0,0
STX,PE,D,20131223,000000,7.52607,7.52607,7.41009,7.52607,0,0
STX,PE,D,20131227,000000,7.52607,7.75738,7.52607,7.75738,0,0
STX,PE,D,20131230,000000,7.81504,7.98878,7.75738,7.98878,0,0
STX,PE,D,20140102,000000,8.16242,8.16242,7.64131,7.64131,0,0
STX,PE,D,20140103,000000,7.69906,7.75738,7.52607,7.64131,0,0
STX,PE,D,20140107,000000,7.58374,7.69906,7.46766,7.69906,0,0
STX,PE,D,20140108,000000,7.58374,7.81504,7.58374,7.81504,0,0
STX,PE,D,20140109,000000,7.87271,7.93176,7.75738,7.87271,0,0
STX,PE,D,20140110,000000,7.81504,7.81504,7.41009,7.69906,0,0
STX,PE,D,20140113,000000,7.75738,7.75738,7.75738,7.75738,0,0
STX,PE,D,20140114,000000,7.69906,7.75738,7.52607,7.75738,0,0
STX,PE,D,20140115,000000,7.64131,7.75738,7.52607,7.69906,0,0
STX,PE,D,20140116,000000,7.69906,7.69906,7.58374,7.58374,0,0
STX,PE,D,20140117,000000,7.58374,7.69906,7.58374,7.58374,0,0
STX,PE,D,20140120,000000,7.58374,7.64131,7.58374,7.58374,0,0
STX,PE,D,20140121,000000,7.58374,7.64131,7.52607,7.64131,0,0
STX,PE,D,20140122,000000,7.69906,7.69906,7.46766,7.64131,0,0
STX,PE,D,20140123,000000,7.52607,7.64131,7.52607,7.58374,0,0
STX,PE,D,20140124,000000,7.58374,7.58374,7.35169,7.58374,0,0
STX,PE,D,20140127,000000,7.41009,7.58374,7.23561,7.58374,0,0
STX,PE,D,20140128,000000,7.58374,7.75738,7.46766,7.46766,0,0
STX,PE,D,20140129,000000,7.58374,7.58374,7.29467,7.46766,0,0
STX,PE,D,20140130,000000,7.41009,7.52607,7.35169,7.52607,0,0
STX,PE,D,20140131,000000,7.52607,7.81504,7.46766,7.75738,0,0
STX,PE,D,20140203,000000,7.69906,7.75738,7.64131,7.75738,0,0
STX,PE,D,20140204,000000,7.64131,7.69906,7.58374,7.69906,0,0
STX,PE,D,20140205,000000,7.69906,7.75738,7.58374,7.64131,0,0
STX,PE,D,20140206,000000,7.69906,7.81504,7.58374,7.69906,0,0
STX,PE,D,20140207,000000,7.69906,7.69906,7.52607,7.58374,0,0
STX,PE,D,20140210,000000,7.52607,7.64131,7.52607,7.64131,0,0
STX,PE,D,20140211,000000,7.64131,7.69906,7.52607,7.64131,0,0
STX,PE,D,20140212,000000,7.64131,8.04719,7.64131,7.98878,0,0
STX,PE,D,20140213,000000,7.98878,8.10476,7.93176,7.98878,0,0
STX,PE,D,20140214,000000,7.98878,8.04719,7.93176,7.93176,0,0
STX,PE,D,20140217,000000,7.87271,8.33653,7.87271,8.10476,0,0
STX,PE,D,20140218,000000,8.16242,8.2199,7.98878,8.04719,0,0
STX,PE,D,20140219,000000,7.98878,8.10476,7.93176,8.04719,0,0
STX,PE,D,20140220,000000,8.10476,8.10476,7.93176,7.98878,0,0
STX,PE,D,20140221,000000,7.93176,8.16242,7.93176,8.10476,0,0
STX,PE,D,20140224,000000,8.10476,8.27775,8.10476,8.2199,0,0
STX,PE,D,20140225,000000,8.27775,8.27775,8.16242,8.16242,0,0
STX,PE,D,20140226,000000,8.16242,8.2199,7.98878,8.10476,0,0
STX,PE,D,20140227,000000,8.10476,8.10476,8.04719,8.10476,0,0
STX,PE,D,20140228,000000,8.16242,8.27775,8.04719,8.27775,0,0
STX,PE,D,20140303,000000,8.04719,8.04719,7.64131,7.69906,0,0
STX,PE,D,20140304,000000,7.64131,7.87271,7.64131,7.87271,0,0
STX,PE,D,20140305,000000,7.87271,7.93176,7.81504,7.81504,0,0
STX,PE,D,20140306,000000,7.81504,7.98878,7.81504,7.98878,0,0
STX,PE,D,20140307,000000,8.04719,8.16242,6.30983,6.30983,0,0
STX,PE,D,20140310,000000,6.30983,6.48375,6.19394,6.36786,0,0
STX,PE,D,20140311,000000,6.30983,6.4259,6.30983,6.4259,0,0
STX,PE,D,20140312,000000,6.4259,6.4259,6.30983,6.30983,0,0
STX,PE,D,20140313,000000,6.30983,6.30983,6.25254,6.30983,0,0
STX,PE,D,20140314,000000,6.13656,6.30983,6.07843,6.30983,0,0
STX,PE,D,20140317,000000,6.19394,6.30983,6.19394,6.30983,0,0
STX,PE,D,20140318,000000,6.30983,6.30983,6.19394,6.30983,0,0
STX,PE,D,20140319,000000,6.30983,6.30983,6.19394,6.30983,0,0
STX,PE,D,20140320,000000,6.25254,6.48375,6.19394,6.4259,0,0
STX,PE,D,20140321,000000,6.4259,6.59926,6.4259,6.54188,0,0
STX,PE,D,20140324,000000,6.54188,6.54188,6.54188,6.54188,0,0
STX,PE,D,20140325,000000,6.54188,6.54188,6.4259,6.4259,0,0
STX,PE,D,20140326,000000,6.4259,6.48375,6.36786,6.48375,0,0
STX,PE,D,20140327,000000,6.4259,6.48375,6.36786,6.48375,0,0
STX,PE,D,20140328,000000,6.48375,6.54188,6.4259,6.54188,0,0
STX,PE,D,20140331,000000,6.54188,6.54188,6.48375,6.54188,0,0
STX,PE,D,20140401,000000,6.54188,6.54188,6.4259,6.54188,0,0
STX,PE,D,20140402,000000,6.54188,6.54188,6.48375,6.54188,0,0
STX,PE,D,20140403,000000,6.54188,7.06262,6.54188,6.94664,0,0
STX,PE,D,20140404,000000,6.94664,6.94664,6.77319,6.88916,0,0
STX,PE,D,20140407,000000,6.88916,7.06262,6.83029,6.88916,0,0
STX,PE,D,20140408,000000,6.88916,6.94664,6.71524,6.94664,0,0
STX,PE,D,20140409,000000,6.94664,7.06262,6.94664,6.94664,0,0
STX,PE,D,20140410,000000,6.94664,7.00505,6.94664,7.00505,0,0
STX,PE,D,20140411,000000,6.94664,7.12103,6.88916,7.12103,0,0
STX,PE,D,20140414,000000,7.12103,7.29467,7.06262,7.12103,0,0
STX,PE,D,20140415,000000,7.17869,7.17869,7.06262,7.12103,0,0
STX,PE,D,20140416,000000,7.12103,7.12103,6.94664,6.94664,0,0
STX,PE,D,20140417,000000,6.94664,7.00505,6.94664,6.94664,0,0
STX,PE,D,20140422,000000,7.00505,7.23561,7.00505,7.23561,0,0
STX,PE,D,20140423,000000,7.23561,7.29467,7.06262,7.06262,0,0
STX,PE,D,20140424,000000,7.06262,7.17869,7.06262,7.06262,0,0
STX,PE,D,20140425,000000,7.06262,7.06262,6.88916,7.06262,0,0
STX,PE,D,20140428,000000,7.06262,7.12103,6.88916,7.00505,0,0
STX,PE,D,20140429,000000,7.00505,7.00505,6.88916,6.88916,0,0
STX,PE,D,20140430,000000,6.88916,7.06262,6.83029,7.06262,0,0
STX,PE,D,20140502,000000,7.06262,7.06262,6.88916,6.88916,0,0
STX,PE,D,20140505,000000,6.88916,7.06262,6.65786,6.77319,0,0
STX,PE,D,20140506,000000,6.71524,6.83029,6.54188,6.59926,0,0
STX,PE,D,20140507,000000,6.48375,6.48375,6.19394,6.36786,0,0
STX,PE,D,20140508,000000,6.30983,6.4259,6.30983,6.4259,0,0
STX,PE,D,20140509,000000,6.48375,6.71524,6.48375,6.65786,0,0
STX,PE,D,20140512,000000,6.59926,6.71524,6.48375,6.71524,0,0
STX,PE,D,20140513,000000,6.71524,6.83029,6.07843,6.07843,0,0
STX,PE,D,20140514,000000,6.02086,6.13656,6.02086,6.07843,0,0
STX,PE,D,20140515,000000,6.07843,6.07843,5.84694,6.07843,0,0
STX,PE,D,20140516,000000,6.07843,6.07843,5.90506,5.96264,0,0
STX,PE,D,20140519,000000,5.96264,5.96264,5.84694,5.96264,0,0
STX,PE,D,20140520,000000,5.96264,5.96264,5.84694,5.90506,0,0
STX,PE,D,20140521,000000,5.90506,5.96264,5.84694,5.90506,0,0
STX,PE,D,20140522,000000,5.90506,5.96264,5.78871,5.96264,0,0
STX,PE,D,20140523,000000,5.96264,6.02086,5.90506,5.96264,0,0
STX,PE,D,20140526,000000,5.90506,5.96264,5.90506,5.96264,0,0
STX,PE,D,20140527,000000,5.96264,6.13656,5.96264,6.13656,0,0
STX,PE,D,20140528,000000,6.13656,6.25254,6.13656,6.25254,0,0
STX,PE,D,20140529,000000,6.25254,6.36786,6.19394,6.36786,0,0
STX,PE,D,20140530,000000,6.36786,6.4259,6.30983,6.36786,0,0
STX,PE,D,20140602,000000,6.30983,6.4259,6.25254,6.30983,0,0
STX,PE,D,20140603,000000,6.30983,6.30983,6.19394,6.25254,0,0
STX,PE,D,20140604,000000,6.30983,6.30983,6.07843,6.07843,0,0
STX,PE,D,20140605,000000,6.02086,6.07843,5.96264,5.96264,0,0
STX,PE,D,20140606,000000,5.96264,6.02086,5.84694,6.02086,0,0
STX,PE,D,20140609,000000,6.02086,6.02086,5.96264,5.96264,0,0
STX,PE,D,20140610,000000,5.90506,5.90506,5.90506,5.90506,0,0
STX,PE,D,20140611,000000,5.90506,5.90506,5.73114,5.90506,0,0
STX,PE,D,20140612,000000,5.78871,5.78871,5.61535,5.78871,0,0
STX,PE,D,20140613,000000,5.73114,5.78871,5.61535,5.73114,0,0
STX,PE,D,20140616,000000,5.61535,5.61535,5.49956,5.5575,0,0
STX,PE,D,20140617,000000,5.5575,5.78871,5.5575,5.78871,0,0
STX,PE,D,20140618,000000,5.78871,5.78871,5.67329,5.78871,0,0
STX,PE,D,20140620,000000,5.84694,5.84694,5.73114,5.78871,0,0
STX,PE,D,20140623,000000,5.73114,5.78871,5.67329,5.78871,0,0
STX,PE,D,20140624,000000,5.73114,5.78871,5.73114,5.73114,0,0
STX,PE,D,20140625,000000,5.67329,5.67329,5.61535,5.67329,0,0
STX,PE,D,20140626,000000,5.67329,5.73114,5.61535,5.67329,0,0
STX,PE,D,20140627,000000,5.61535,5.78871,5.61535,5.78871,0,0
STX,PE,D,20140630,000000,5.78871,5.78871,5.78871,5.78871,0,0
STX,PE,D,20140701,000000,5.73114,5.78871,5.73114,5.78871,0,0
STX,PE,D,20140702,000000,5.73114,5.90506,5.73114,5.84694,0,0
STX,PE,D,20140703,000000,5.84694,5.96264,5.84694,5.96264,0,0
STX,PE,D,20140704,000000,5.90506,6.07843,5.90506,6.02086,0,0
STX,PE,D,20140707,000000,6.02086,6.02086,5.90506,5.90506,0,0
STX,PE,D,20140708,000000,5.96264,5.96264,5.78871,5.78871,0,0
STX,PE,D,20140709,000000,5.78871,5.84694,5.73114,5.78871,0,0
STX,PE,D,20140710,000000,5.78871,5.78871,5.73114,5.73114,0,0
STX,PE,D,20140711,000000,5.78871,5.78871,5.73114,5.78871,0,0
STX,PE,D,20140714,000000,5.73114,5.84694,5.73114,5.78871,0,0
STX,PE,D,20140715,000000,5.84694,5.84694,5.73114,5.78871,0,0
STX,PE,D,20140716,000000,5.84694,5.84694,5.73114,5.78871,0,0
STX,PE,D,20140717,000000,5.78871,5.78871,5.67329,5.73114,0,0
STX,PE,D,20140718,000000,5.67329,5.78871,5.67329,5.78871,0,0
STX,PE,D,20140721,000000,5.73114,5.78871,5.73114,5.78871,0,0
STX,PE,D,20140722,000000,5.73114,5.73114,5.73114,5.73114,0,0
STX,PE,D,20140723,000000,5.73114,5.73114,5.73114,5.73114,0,0
STX,PE,D,20140724,000000,5.73114,5.84694,5.73114,5.78871,0,0
STX,PE,D,20140725,000000,5.78871,5.78871,5.73114,5.73114,0,0
STX,PE,D,20140728,000000,5.73114,5.78871,5.73114,5.73114,0,0
STX,PE,D,20140729,000000,5.73114,5.78871,5.67329,5.73114,0,0
STX,PE,D,20140730,000000,5.67329,5.78871,5.67329,5.78871,0,0
STX,PE,D,20140731,000000,5.78871,5.84694,5.73114,5.78871,0,0
STX,PE,D,20140801,000000,5.78871,5.84694,5.67329,5.78871,0,0
STX,PE,D,20140804,000000,5.78871,5.78871,5.78871,5.78871,0,0
STX,PE,D,20140805,000000,5.78871,5.78871,5.61535,5.73114,0,0
STX,PE,D,20140806,000000,5.73114,5.73114,5.61535,5.67329,0,0
STX,PE,D,20140807,000000,5.61535,5.73114,5.61535,5.73114,0,0
STX,PE,D,20140808,000000,5.73114,5.73114,5.44171,5.67329,0,0
STX,PE,D,20140811,000000,5.67329,5.73114,5.5575,5.61535,0,0
STX,PE,D,20140812,000000,5.61535,5.73114,5.61535,5.67329,0,0
STX,PE,D,20140813,000000,5.61535,5.67329,5.49956,5.61535,0,0
STX,PE,D,20140814,000000,5.5575,5.78871,5.5575,5.78871,0,0
STX,PE,D,20140818,000000,5.78871,5.84694,5.73114,5.84694,0,0
STX,PE,D,20140819,000000,5.78871,5.90506,5.73114,5.84694,0,0
STX,PE,D,20140820,000000,5.84694,5.84694,5.78871,5.84694,0,0
STX,PE,D,20140821,000000,5.78871,5.78871,5.73114,5.73114,0,0
STX,PE,D,20140822,000000,5.73114,5.78871,5.73114,5.78871,0,0
STX,PE,D,20140825,000000,5.78871,5.84694,5.73114,5.84694,0,0
STX,PE,D,20140826,000000,5.78871,5.78871,5.73114,5.78871,0,0
STX,PE,D,20140827,000000,5.78871,5.78871,5.73114,5.78871,0,0
STX,PE,D,20140828,000000,5.73114,5.78871,5.73114,5.78871,0,0
STX,PE,D,20140829,000000,5.78871,5.84694,5.73114,5.84694,0,0
STX,PE,D,20140901,000000,5.78871,5.84694,5.78871,5.84694,0,0
STX,PE,D,20140902,000000,5.78871,5.84694,5.78871,5.84694,0,0
STX,PE,D,20140903,000000,5.78871,5.84694,5.78871,5.78871,0,0
STX,PE,D,20140904,000000,5.84694,5.84694,5.78871,5.84694,0,0
STX,PE,D,20140905,000000,5.84694,5.96264,5.78871,5.90506,0,0
STX,PE,D,20140908,000000,5.90506,6.02086,5.90506,5.96264,0,0
STX,PE,D,20140909,000000,5.96264,6.02086,5.96264,6.02086,0,0
STX,PE,D,20140910,000000,6.02086,6.13656,6.02086,6.07843,0,0
STX,PE,D,20140911,000000,6.13656,6.13656,6.02086,6.02086,0,0
STX,PE,D,20140912,000000,6.07843,6.07843,5.96264,5.96264,0,0
STX,PE,D,20140915,000000,6.07843,6.07843,5.90506,6.02086,0,0
STX,PE,D,20140916,000000,6.02086,6.02086,5.90506,6.02086,0,0
STX,PE,D,20140917,000000,6.02086,6.02086,5.96264,5.96264,0,0
STX,PE,D,20140918,000000,6.02086,6.02086,5.90506,6.02086,0,0
STX,PE,D,20140919,000000,6.02086,6.02086,5.96264,6.02086,0,0
STX,PE,D,20140922,000000,6.02086,6.02086,5.96264,6.02086,0,0
STX,PE,D,20140923,000000,6.02086,6.02086,5.84694,5.84694,0,0
STX,PE,D,20140924,000000,5.90506,5.96264,5.84694,5.90506,0,0
STX,PE,D,20140925,000000,5.84694,5.90506,5.78871,5.84694,0,0
STX,PE,D,20140926,000000,5.78871,5.84694,5.78871,5.78871,0,0
STX,PE,D,20140929,000000,5.78871,5.78871,5.78871,5.78871,0,0
STX,PE,D,20140930,000000,5.78871,6.02086,5.78871,6.02086,0,0
STX,PE,D,20141001,000000,5.96264,5.96264,5.90506,5.90506,0,0
STX,PE,D,20141002,000000,5.84694,5.90506,5.84694,5.90506,0,0
STX,PE,D,20141003,000000,5.90506,5.90506,5.78871,5.84694,0,0
STX,PE,D,20141006,000000,5.84694,5.84694,5.73114,5.78871,0,0
STX,PE,D,20141007,000000,5.78871,5.78871,5.73114,5.73114,0,0
STX,PE,D,20141008,000000,5.78871,5.78871,5.67329,5.78871,0,0
STX,PE,D,20141009,000000,5.78871,5.78871,5.73114,5.73114,0,0
STX,PE,D,20141010,000000,5.73114,5.78871,5.61535,5.78871,0,0
STX,PE,D,20141013,000000,5.78871,5.78871,5.67329,5.73114,0,0
STX,PE,D,20141014,000000,5.67329,5.73114,5.67329,5.73114,0,0
STX,PE,D,20141015,000000,5.67329,5.73114,5.67329,5.73114,0,0
STX,PE,D,20141016,000000,5.73114,5.73114,5.61535,5.73114,0,0
STX,PE,D,20141017,000000,5.73114,5.78871,5.67329,5.73114,0,0
STX,PE,D,20141020,000000,5.73114,5.78871,5.67329,5.78871,0,0
STX,PE,D,20141021,000000,5.73114,5.90506,5.73114,5.90506,0,0
STX,PE,D,20141022,000000,5.84694,5.90506,5.78871,5.84694,0,0
STX,PE,D,20141023,000000,5.90506,5.90506,5.84694,5.84694,0,0
STX,PE,D,20141024,000000,5.84694,5.90506,5.84694,5.84694,0,0
STX,PE,D,20141027,000000,5.84694,5.84694,5.78871,5.84694,0,0
STX,PE,D,20141028,000000,5.84694,5.96264,5.84694,5.96264,0,0
STX,PE,D,20141029,000000,6.02086,6.02086,5.90506,5.96264,0,0
STX,PE,D,20141030,000000,5.90506,6.02086,5.90506,6.02086,0,0
STX,PE,D,20141031,000000,6.02086,6.02086,5.96264,6.02086,0,0
STX,PE,D,20141103,000000,6.07843,6.13656,6.02086,6.07843,0,0
STX,PE,D,20141104,000000,6.07843,6.07843,6.07843,6.07843,0,0
STX,PE,D,20141105,000000,6.07843,6.13656,6.07843,6.13656,0,0
STX,PE,D,20141106,000000,6.13656,6.13656,6.07843,6.07843,0,0
STX,PE,D,20141107,000000,5.96264,6.88916,5.84694,6.88916,0,0
STX,PE,D,20141110,000000,6.88916,7.00505,6.88916,6.88916,0,0
STX,PE,D,20141112,000000,6.88916,6.88916,6.88916,6.88916,0,0
STX,PE,D,20141113,000000,6.88916,6.88916,6.88916,6.88916,0,0
STX,PE,D,20141114,000000,6.88916,6.94664,6.83029,6.83029,0,0
STX,PE,D,20141117,000000,6.83029,6.88916,6.83029,6.88916,0,0
STX,PE,D,20141118,000000,6.83029,6.88916,6.83029,6.88916,0,0
STX,PE,D,20141119,000000,6.88916,6.88916,6.83029,6.88916,0,0
STX,PE,D,20141120,000000,6.88916,6.88916,6.83029,6.83029,0,0
STX,PE,D,20141121,000000,6.83029,6.88916,6.83029,6.88916,0,0
STX,PE,D,20141124,000000,6.88916,6.88916,6.83029,6.83029,0,0
STX,PE,D,20141125,000000,6.83029,6.88916,6.77319,6.88916,0,0
STX,PE,D,20141126,000000,6.88916,6.88916,6.83029,6.88916,0,0
STX,PE,D,20141127,000000,6.83029,6.88916,6.83029,6.88916,0,0
STX,PE,D,20141128,000000,6.83029,6.94664,6.77319,6.88916,0,0
STX,PE,D,20141201,000000,6.88916,6.88916,6.83029,6.88916,0,0
STX,PE,D,20141202,000000,6.94664,6.94664,6.83029,6.83029,0,0
STX,PE,D,20141203,000000,6.83029,6.83029,6.77319,6.83029,0,0
STX,PE,D,20141204,000000,6.83029,6.83029,6.77319,6.77319,0,0
STX,PE,D,20141205,000000,6.77319,6.83029,6.77319,6.83029,0,0
STX,PE,D,20141208,000000,6.83029,6.88916,6.77319,6.88916,0,0
STX,PE,D,20141209,000000,6.88916,6.88916,6.77319,6.83029,0,0
STX,PE,D,20141210,000000,6.77319,6.83029,6.77319,6.83029,0,0
STX,PE,D,20141211,000000,6.77319,6.83029,6.65786,6.83029,0,0
STX,PE,D,20141212,000000,6.77319,6.83029,6.71524,6.83029,0,0
STX,PE,D,20141215,000000,6.83029,6.83029,6.65786,6.77319,0,0
STX,PE,D,20141216,000000,6.71524,6.71524,6.59926,6.65786,0,0
STX,PE,D,20141217,000000,6.59926,6.65786,6.54188,6.65786,0,0
STX,PE,D,20141218,000000,6.65786,6.83029,6.65786,6.71524,0,0
STX,PE,D,20141219,000000,6.65786,6.83029,6.65786,6.83029,0,0
STX,PE,D,20141222,000000,6.83029,6.83029,6.65786,6.71524,0,0
STX,PE,D,20141223,000000,6.65786,6.77319,6.65786,6.77319,0,0
STX,PE,D,20141229,000000,6.71524,6.88916,6.71524,6.88916,0,0
STX,PE,D,20141230,000000,6.88916,7.00505,6.88916,6.88916,0,0
STX,PE,D,20150102,000000,6.88916,7.00505,6.88916,7.00505,0,0
STX,PE,D,20150105,000000,7.06262,7.06262,6.94664,6.94664,0,0
STX,PE,D,20150107,000000,7.00505,7.35169,6.94664,6.94664,0,0
STX,PE,D,20150108,000000,7.06262,7.12103,6.88916,7.00505,0,0
STX,PE,D,20150109,000000,7.00505,7.00505,6.94664,7.00505,0,0
STX,PE,D,20150112,000000,7.06262,7.06262,6.94664,6.94664,0,0
STX,PE,D,20150113,000000,6.94664,6.94664,6.88916,6.94664,0,0
STX,PE,D,20150114,000000,6.94664,6.94664,6.88916,6.94664,0,0
STX,PE,D,20150115,000000,6.94664,6.94664,6.88916,6.88916,0,0
STX,PE,D,20150116,000000,6.83029,6.88916,6.83029,6.88916,0,0
STX,PE,D,20150119,000000,6.88916,6.88916,6.83029,6.88916,0,0
STX,PE,D,20150120,000000,6.83029,6.83029,6.83029,6.83029,0,0
STX,PE,D,20150121,000000,6.83029,6.83029,6.77319,6.77319,0,0
STX,PE,D,20150122,000000,6.77319,6.77319,6.71524,6.71524,0,0
STX,PE,D,20150123,000000,6.71524,6.83029,6.71524,6.83029,0,0
STX,PE,D,20150126,000000,6.83029,6.88916,6.71524,6.71524,0,0
STX,PE,D,20150127,000000,6.71524,6.77319,6.71524,6.71524,0,0
STX,PE,D,20150128,000000,6.71524,6.94664,6.71524,6.88916,0,0
STX,PE,D,20150129,000000,6.88916,7.00505,6.83029,7.00505,0,0
STX,PE,D,20150130,000000,7.00505,7.00505,6.94664,7.00505,0,0
STX,PE,D,20150202,000000,7.00505,7.00505,6.94664,7.00505,0,0
STX,PE,D,20150203,000000,7.00505,7.17869,7.00505,7.12103,0,0
STX,PE,D,20150204,000000,7.17869,7.23561,7.12103,7.12103,0,0
STX,PE,D,20150205,000000,7.12103,7.12103,7.12103,7.12103,0,0
STX,PE,D,20150206,000000,7.12103,7.12103,7.12103,7.12103,0,0
STX,PE,D,20150209,000000,7.12103,7.17869,7.12103,7.17869,0,0
STX,PE,D,20150210,000000,7.17869,7.17869,7.12103,7.12103,0,0
STX,PE,D,20150211,000000,7.12103,7.12103,7.12103,7.12103,0,0
STX,PE,D,20150212,000000,7.12103,7.17869,7.06262,7.17869,0,0
STX,PE,D,20150213,000000,7.17869,7.17869,7.12103,7.12103,0,0
STX,PE,D,20150216,000000,7.12103,7.17869,7.06262,7.17869,0,0
STX,PE,D,20150217,000000,7.17869,7.17869,7.00505,7.17869,0,0
STX,PE,D,20150218,000000,7.17869,7.17869,7.12103,7.17869,0,0
STX,PE,D,20150219,000000,7.17869,7.17869,7.12103,7.17869,0,0
STX,PE,D,20150220,000000,7.12103,7.17869,7.12103,7.12103,0,0
STX,PE,D,20150223,000000,7.12103,7.12103,7.06262,7.12103,0,0
STX,PE,D,20150224,000000,7.12103,7.12103,7.06262,7.12103,0,0
STX,PE,D,20150225,000000,7.12103,7.29467,7.12103,7.23561,0,0
STX,PE,D,20150226,000000,7.23561,7.23561,7.12103,7.23561,0,0
STX,PE,D,20150227,000000,7.23561,7.23561,7.17869,7.23561,0,0
STX,PE,D,20150302,000000,7.23561,7.29467,7.23561,7.29467,0,0
STX,PE,D,20150303,000000,7.29467,7.29467,7.23561,7.29467,0,0
STX,PE,D,20150304,000000,7.29467,7.35169,7.23561,7.23561,0,0
STX,PE,D,20150305,000000,7.23561,7.29467,7.17869,7.29467,0,0
STX,PE,D,20150306,000000,7.35169,7.35169,7.29467,7.35169,0,0
STX,PE,D,20150309,000000,7.35169,7.41009,6.83029,6.83029,0,0
STX,PE,D,20150310,000000,6.88916,6.94664,6.83029,6.94664,0,0
STX,PE,D,20150311,000000,6.94664,7.58374,6.88916,7.58374,0,0
STX,PE,D,20150312,000000,7.58374,7.69906,7.52607,7.58374,0,0
STX,PE,D,20150313,000000,7.58374,7.58374,7.46766,7.52607,0,0
STX,PE,D,20150316,000000,7.52607,7.87271,7.52607,7.75738,0,0
STX,PE,D,20150317,000000,7.75738,7.81504,7.52607,7.75738,0,0
STX,PE,D,20150318,000000,7.75738,7.75738,7.46766,7.52607,0,0
STX,PE,D,20150319,000000,7.46766,7.69906,7.46766,7.52607,0,0
STX,PE,D,20150320,000000,7.52607,7.52607,7.41009,7.41009,0,0
STX,PE,D,20150323,000000,7.52607,7.52607,7.41009,7.46766,0,0
STX,PE,D,20150324,000000,7.46766,7.46766,7.29467,7.41009,0,0
STX,PE,D,20150325,000000,7.29467,7.35169,7.23561,7.23561,0,0
STX,PE,D,20150326,000000,7.17869,7.58374,7.12103,7.58374,0,0
STX,PE,D,20150327,000000,7.58374,7.58374,7.41009,7.58374,0,0
STX,PE,D,20150330,000000,7.58374,7.58374,7.46766,7.58374,0,0
STX,PE,D,20150331,000000,7.58374,7.69906,7.46766,7.58374,0,0
STX,PE,D,20150401,000000,7.64131,7.64131,7.52607,7.58374,0,0
STX,PE,D,20150402,000000,7.58374,7.58374,7.46766,7.52607,0,0
STX,PE,D,20150407,000000,7.46766,7.46766,7.41009,7.41009,0,0
STX,PE,D,20150408,000000,7.41009,7.41009,7.29467,7.35169,0,0
STX,PE,D,20150409,000000,7.35169,7.46766,7.29467,7.46766,0,0
STX,PE,D,20150410,000000,7.46766,7.52607,7.41009,7.41009,0,0
STX,PE,D,20150413,000000,7.46766,7.46766,7.35169,7.35169,0,0
STX,PE,D,20150414,000000,7.35169,7.41009,7.35169,7.41009,0,0
STX,PE,D,20150415,000000,7.41009,7.52607,7.35169,7.52607,0,0
STX,PE,D,20150416,000000,7.52607,7.69906,7.52607,7.64131,0,0
STX,PE,D,20150417,000000,7.58374,7.69906,7.58374,7.58374,0,0
STX,PE,D,20150420,000000,7.58374,7.58374,7.29467,7.35169,0,0
STX,PE,D,20150421,000000,7.35169,7.35169,7.23561,7.35169,0,0
STX,PE,D,20150422,000000,7.29467,7.35169,7.23561,7.29467,0,0
STX,PE,D,20150423,000000,7.29467,7.29467,7.23561,7.29467,0,0
STX,PE,D,20150424,000000,7.23561,7.35169,7.23561,7.35169,0,0
STX,PE,D,20150427,000000,7.35169,7.46766,7.29467,7.46766,0,0
STX,PE,D,20150428,000000,7.46766,7.52607,7.35169,7.52607,0,0
STX,PE,D,20150429,000000,7.41009,7.52607,7.41009,7.52607,0,0
STX,PE,D,20150430,000000,7.46766,7.58374,7.46766,7.52607,0,0
STX,PE,D,20150504,000000,7.46766,7.64131,7.46766,7.64131,0,0
STX,PE,D,20150505,000000,7.69906,7.87271,7.52607,7.58374,0,0
STX,PE,D,20150506,000000,7.52607,7.52607,7.46766,7.52607,0,0
STX,PE,D,20150507,000000,7.52607,7.58374,7.46766,7.52607,0,0
STX,PE,D,20150508,000000,7.75738,7.75738,7.06262,7.06262,0,0
STX,PE,D,20150511,000000,7.17869,7.17869,7.06262,7.06262,0,0
STX,PE,D,20150512,000000,7.12103,7.12103,7.00505,7.06262,0,0
STX,PE,D,20150513,000000,7.06262,7.12103,6.94664,6.94664,0,0
STX,PE,D,20150514,000000,6.94664,6.94664,6.77319,6.94664,0,0
STX,PE,D,20150515,000000,6.88916,7.00505,6.88916,7.00505,0,0
STX,PE,D,20150518,000000,6.94664,6.94664,6.83029,6.83029,0,0
STX,PE,D,20150519,000000,6.83029,6.83029,6.65786,6.83029,0,0
STX,PE,D,20150520,000000,6.77319,6.83029,6.71524,6.83029,0,0
STX,PE,D,20150521,000000,6.77319,6.77319,6.71524,6.77319,0,0
STX,PE,D,20150522,000000,6.77319,6.77319,6.65786,6.71524,0,0
STX,PE,D,20150525,000000,6.71524,6.71524,6.4259,6.48375,0,0
STX,PE,D,20150526,000000,6.4259,6.59926,6.4259,6.54188,0,0
STX,PE,D,20150527,000000,6.54188,6.65786,6.4259,6.54188,0,0
STX,PE,D,20150528,000000,6.48375,6.59926,6.4259,6.59926,0,0
STX,PE,D,20150529,000000,6.54188,6.77319,6.48375,6.77319,0,0
STX,PE,D,20150601,000000,6.77319,6.77319,6.65786,6.65786,0,0
STX,PE,D,20150602,000000,6.59926,6.88916,6.59926,6.83029,0,0
STX,PE,D,20150603,000000,6.83029,6.83029,6.77319,6.83029,0,0
STX,PE,D,20150605,000000,6.83029,6.83029,6.71524,6.71524,0,0
STX,PE,D,20150608,000000,6.71524,6.71524,6.54188,6.65786,0,0
STX,PE,D,20150609,000000,6.65786,6.71524,6.59926,6.65786,0,0
STX,PE,D,20150610,000000,6.59926,6.83029,6.59926,6.77319,0,0
STX,PE,D,20150611,000000,6.77319,6.77319,6.65786,6.77319,0,0
STX,PE,D,20150612,000000,6.77319,6.77319,6.65786,6.77319,0,0
STX,PE,D,20150615,000000,6.77319,6.77319,6.65786,6.71524,0,0
STX,PE,D,20150616,000000,6.71524,6.71524,6.59926,6.71524,0,0
STX,PE,D,20150617,000000,6.71524,6.71524,6.59926,6.71524,0,0
STX,PE,D,20150618,000000,6.65786,6.83029,6.54188,6.77319,0,0
STX,PE,D,20150619,000000,6.65786,6.77319,6.65786,6.77319,0,0
STX,PE,D,20150622,000000,6.65786,6.83029,6.65786,6.83029,0,0
STX,PE,D,20150623,000000,6.83029,6.83029,6.77319,6.83029,0,0
STX,PE,D,20150624,000000,6.77319,6.83029,6.71524,6.83029,0,0
STX,PE,D,20150625,000000,6.77319,6.83029,6.71524,6.83029,0,0
STX,PE,D,20150626,000000,6.83029,6.83029,6.77319,6.83029,0,0
STX,PE,D,20150629,000000,6.71524,6.77319,6.59926,6.77319,0,0
STX,PE,D,20150630,000000,6.71524,6.88916,6.71524,6.83029,0,0
STX,PE,D,20150701,000000,6.83029,6.83029,6.77319,6.83029,0,0
STX,PE,D,20150702,000000,6.83029,6.83029,6.71524,6.77319,0,0
STX,PE,D,20150703,000000,6.71524,6.83029,6.71524,6.77319,0,0
STX,PE,D,20150706,000000,6.77319,6.77319,6.71524,6.77319,0,0
STX,PE,D,20150707,000000,6.71524,6.77319,6.65786,6.77319,0,0
STX,PE,D,20150708,000000,6.71524,6.71524,6.65786,6.71524,0,0
STX,PE,D,20150709,000000,6.59926,6.65786,6.59926,6.65786,0,0
STX,PE,D,20150710,000000,6.65786,6.71524,6.59926,6.71524,0,0
STX,PE,D,20150713,000000,6.71524,6.77319,6.65786,6.77319,0,0
STX,PE,D,20150714,000000,6.71524,6.77319,6.71524,6.71524,0,0
STX,PE,D,20150715,000000,6.71524,6.83029,6.71524,6.77319,0,0
STX,PE,D,20150716,000000,6.77319,6.94664,6.71524,6.94664,0,0
STX,PE,D,20150717,000000,6.94664,6.94664,6.88916,6.94664,0,0
STX,PE,D,20150720,000000,7.06262,7.12103,6.83029,6.94664,0,0
STX,PE,D,20150721,000000,6.83029,6.94664,6.83029,6.88916,0,0
STX,PE,D,20150722,000000,6.83029,6.83029,6.71524,6.83029,0,0
STX,PE,D,20150723,000000,6.83029,6.88916,6.77319,6.83029,0,0
STX,PE,D,20150724,000000,6.83029,6.83029,6.77319,6.77319,0,0
STX,PE,D,20150727,000000,6.71524,6.88916,6.71524,6.83029,0,0
STX,PE,D,20150728,000000,6.88916,7.06262,6.83029,7.00505,0,0
STX,PE,D,20150729,000000,7.00505,7.35169,7.00505,7.35169,0,0
STX,PE,D,20150730,000000,7.29467,7.35169,7.23561,7.29467,0,0
STX,PE,D,20150731,000000,7.41009,7.52607,6.25254,6.25254,0,0
STX,PE,D,20150803,000000,6.25254,6.25254,6.13656,6.13656,0,0
STX,PE,D,20150804,000000,6.13656,6.13656,6.07843,6.07843,0,0
STX,PE,D,20150805,000000,6.07843,6.13656,6.07843,6.07843,0,0
STX,PE,D,20150806,000000,6.07843,6.07843,5.90506,5.96264,0,0
STX,PE,D,20150807,000000,5.90506,6.13656,5.90506,6.07843,0,0
STX,PE,D,20150810,000000,6.07843,6.07843,6.02086,6.07843,0,0
STX,PE,D,20150811,000000,6.07843,6.07843,5.96264,5.96264,0,0
STX,PE,D,20150812,000000,5.96264,6.02086,5.90506,6.02086,0,0
STX,PE,D,20150813,000000,6.02086,6.07843,5.90506,5.96264,0,0
STX,PE,D,20150814,000000,6.07843,6.07843,5.96264,6.02086,0,0
STX,PE,D,20150817,000000,5.96264,5.96264,5.90506,5.96264,0,0
STX,PE,D,20150818,000000,5.96264,6.02086,5.96264,5.96264,0,0
STX,PE,D,20150819,000000,5.96264,5.96264,5.90506,5.96264,0,0
STX,PE,D,20150820,000000,6.07843,6.07843,5.90506,5.96264,0,0
STX,PE,D,20150821,000000,5.96264,5.96264,5.78871,5.90506,0,0
STX,PE,D,20150824,000000,5.78871,5.78871,5.5575,5.67329,0,0
STX,PE,D,20150825,000000,5.61535,5.78871,5.61535,5.73114,0,0
STX,PE,D,20150826,000000,5.67329,5.78871,5.67329,5.78871,0,0
STX,PE,D,20150827,000000,5.78871,5.84694,5.67329,5.84694,0,0
STX,PE,D,20150828,000000,5.84694,5.90506,5.78871,5.84694,0,0
STX,PE,D,20150831,000000,5.84694,5.96264,5.84694,5.90506,0,0
STX,PE,D,20150901,000000,5.90506,5.90506,5.84694,5.90506,0,0
STX,PE,D,20150902,000000,5.90506,5.90506,5.84694,5.84694,0,0
STX,PE,D,20150903,000000,5.84694,5.90506,5.84694,5.90506,0,0
STX,PE,D,20150904,000000,5.84694,5.96264,5.84694,5.90506,0,0
STX,PE,D,20150907,000000,5.84694,5.90506,5.84694,5.90506,0,0
STX,PE,D,20150908,000000,5.90506,5.96264,5.84694,5.96264,0,0
STX,PE,D,20150909,000000,5.96264,6.02086,5.96264,6.02086,0,0
STX,PE,D,20150910,000000,6.02086,6.07843,5.96264,6.07843,0,0
STX,PE,D,20150911,000000,6.07843,6.13656,6.02086,6.07843,0,0
STX,PE,D,20150914,000000,6.02086,6.07843,6.02086,6.07843,0,0
STX,PE,D,20150915,000000,6.02086,6.07843,6.02086,6.07843,0,0
STX,PE,D,20150916,000000,6.07843,6.07843,6.02086,6.07843,0,0
STX,PE,D,20150917,000000,6.02086,6.07843,6.02086,6.07843,0,0
STX,PE,D,20150918,000000,6.07843,6.07843,5.96264,5.96264,0,0
STX,PE,D,20150921,000000,6.02086,6.07843,5.96264,6.02086,0,0
STX,PE,D,20150922,000000,5.96264,6.07843,5.96264,6.07843,0,0
STX,PE,D,20150923,000000,6.02086,6.07843,6.02086,6.02086,0,0
STX,PE,D,20150924,000000,6.02086,6.02086,5.90506,6.02086,0,0
STX,PE,D,20150925,000000,6.02086,6.02086,5.96264,5.96264,0,0
STX,PE,D,20150928,000000,5.90506,5.96264,5.90506,5.90506,0,0
STX,PE,D,20150929,000000,5.84694,6.02086,5.84694,6.02086,0,0
STX,PE,D,20150930,000000,6.02086,6.13656,6.02086,6.07843,0,0
STX,PE,D,20151001,000000,6.07843,6.07843,6.02086,6.07843,0,0
STX,PE,D,20151002,000000,6.13656,6.13656,6.02086,6.02086,0,0
STX,PE,D,20151005,000000,6.02086,6.07843,6.02086,6.07843,0,0
STX,PE,D,20151006,000000,6.07843,6.13656,6.07843,6.13656,0,0
STX,PE,D,20151007,000000,6.13656,6.30983,6.13656,6.19394,0,0
STX,PE,D,20151008,000000,6.19394,6.19394,6.13656,6.19394,0,0
STX,PE,D,20151009,000000,6.19394,6.19394,6.07843,6.19394,0,0
STX,PE,D,20151012,000000,6.19394,6.19394,6.13656,6.13656,0,0
STX,PE,D,20151013,000000,6.07843,6.13656,5.90506,5.90506,0,0
STX,PE,D,20151014,000000,5.84694,5.96264,5.78871,5.84694,0,0
STX,PE,D,20151015,000000,5.84694,5.90506,5.84694,5.90506,0,0
STX,PE,D,20151016,000000,5.90506,5.96264,5.90506,5.96264,0,0
STX,PE,D,20151019,000000,5.90506,5.96264,5.84694,5.90506,0,0
STX,PE,D,20151020,000000,5.84694,5.90506,5.78871,5.84694,0,0
STX,PE,D,20151021,000000,5.84694,5.90506,5.73114,5.78871,0,0
STX,PE,D,20151022,000000,5.78871,5.78871,5.61535,5.73114,0,0
STX,PE,D,20151023,000000,5.73114,6.02086,5.61535,6.02086,0,0
STX,PE,D,20151026,000000,6.02086,6.02086,5.84694,5.96264,0,0
STX,PE,D,20151027,000000,5.96264,5.96264,5.90506,5.96264,0,0
STX,PE,D,20151028,000000,5.96264,5.96264,5.84694,5.84694,0,0
STX,PE,D,20151029,000000,5.90506,5.90506,5.67329,5.84694,0,0
STX,PE,D,20151030,000000,5.90506,6.02086,5.78871,5.96264,0,0
STX,PE,D,20151102,000000,5.96264,5.96264,5.84694,5.96264,0,0
STX,PE,D,20151103,000000,5.96264,5.96264,5.90506,5.90506,0,0
STX,PE,D,20151104,000000,5.90506,5.90506,5.84694,5.84694,0,0
STX,PE,D,20151105,000000,5.78871,5.90506,5.78871,5.90506,0,0
STX,PE,D,20151106,000000,6.13656,6.30983,4.63125,4.63125,0,0
STX,PE,D,20151109,000000,4.63125,4.6891,4.5734,4.63125,0,0
STX,PE,D,20151110,000000,4.5734,4.63125,4.51536,4.51536,0,0
STX,PE,D,20151112,000000,4.51536,4.51536,4.45761,4.51536,0,0
STX,PE,D,20151113,000000,4.51536,4.51536,4.39966,4.39966,0,0
STX,PE,D,20151116,000000,4.39966,4.45761,4.34172,4.45761,0,0
STX,PE,D,20151117,000000,4.45761,4.45761,4.39966,4.39966,0,0
STX,PE,D,20151118,000000,4.39966,4.39966,4.34172,4.39966,0,0
STX,PE,D,20151119,000000,4.39966,4.39966,4.34172,4.39966,0,0
STX,PE,D,20151120,000000,4.39966,4.45761,4.39966,4.45761,0,0
STX,PE,D,20151123,000000,4.45761,4.51536,4.39966,4.45761,0,0
STX,PE,D,20151124,000000,4.45761,4.45761,4.39966,4.39966,0,0
STX,PE,D,20151125,000000,4.39966,4.45761,4.34172,4.45761,0,0
STX,PE,D,20151126,000000,4.45761,4.45761,4.39966,4.45761,0,0
STX,PE,D,20151127,000000,4.45761,4.45761,4.39966,4.39966,0,0
STX,PE,D,20151130,000000,4.39966,4.39966,4.39966,4.39966,0,0
STX,PE,D,20151201,000000,4.39966,4.39966,4.34172,4.34172,0,0
STX,PE,D,20151202,000000,4.34172,4.34172,4.28387,4.34172,0,0
STX,PE,D,20151203,000000,4.34172,4.34172,4.28387,4.28387,0,0
STX,PE,D,20151204,000000,4.22602,4.28387,4.22602,4.28387,0,0
STX,PE,D,20151207,000000,4.28387,4.28387,4.22602,4.28387,0,0
STX,PE,D,20151208,000000,4.28387,4.45761,4.22602,4.45761,0,0
STX,PE,D,20151209,000000,4.28387,4.45761,4.28387,4.45761,0,0
STX,PE,D,20151210,000000,4.45761,4.45761,4.39966,4.39966,0,0
STX,PE,D,20151211,000000,4.34172,4.39966,4.28387,4.39966,0,0
STX,PE,D,20151214,000000,4.34172,4.34172,4.22602,4.28387,0,0
STX,PE,D,20151215,000000,4.28387,4.39966,4.22602,4.39966,0,0
STX,PE,D,20151216,000000,4.39966,4.39966,4.34172,4.34172,0,0
STX,PE,D,20151217,000000,4.34172,4.34172,4.28387,4.34172,0,0
STX,PE,D,20151218,000000,4.34172,4.34172,4.28387,4.34172,0,0
STX,PE,D,20151221,000000,4.28387,4.34172,4.22602,4.34172,0,0
STX,PE,D,20151222,000000,4.28387,4.34172,4.28387,4.28387,0,0
STX,PE,D,20151223,000000,4.22602,4.28387,4.22602,4.28387,0,0
STX,PE,D,20151228,000000,4.28387,4.28387,4.22602,4.22602,0,0
STX,PE,D,20151229,000000,4.22602,4.39966,4.22602,4.39966,0,0
STX,PE,D,20151230,000000,4.39966,4.45761,4.39966,4.45761,0,0
STX,PE,D,20160104,000000,4.45761,4.45761,4.28387,4.34172,0,0
STX,PE,D,20160105,000000,4.39966,4.45761,4.28387,4.45761,0,0
STX,PE,D,20160107,000000,4.34172,4.45761,4.34172,4.39966,0,0
STX,PE,D,20160108,000000,4.34172,4.39966,4.34172,4.34172,0,0
STX,PE,D,20160111,000000,4.28387,4.39966,4.28387,4.39966,0,0
STX,PE,D,20160112,000000,4.45761,4.45761,4.34172,4.39966,0,0
STX,PE,D,20160113,000000,4.39966,4.39966,4.34172,4.39966,0,0
STX,PE,D,20160114,000000,4.34172,4.39966,4.28387,4.39966,0,0
STX,PE,D,20160115,000000,4.39966,4.39966,4.34172,4.39966,0,0
STX,PE,D,20160118,000000,4.34172,4.39966,4.28387,4.34172,0,0
STX,PE,D,20160119,000000,4.28387,4.45761,4.28387,4.39966,0,0
STX,PE,D,20160120,000000,4.34172,4.39966,4.34172,4.34172,0,0
STX,PE,D,20160121,000000,4.34172,4.39966,4.22602,4.28387,0,0
STX,PE,D,20160122,000000,4.28387,4.39966,4.22602,4.22602,0,0
STX,PE,D,20160125,000000,4.22602,4.28387,4.16808,4.28387,0,0
STX,PE,D,20160126,000000,4.28387,4.28387,4.22602,4.28387,0,0
STX,PE,D,20160127,000000,4.28387,4.34172,4.28387,4.34172,0,0
STX,PE,D,20160128,000000,4.28387,4.34172,4.28387,4.34172,0,0
STX,PE,D,20160129,000000,4.39966,4.39966,4.28387,4.34172,0,0
STX,PE,D,20160201,000000,4.28387,4.34172,4.28387,4.34172,0,0
STX,PE,D,20160202,000000,4.34172,4.34172,4.28387,4.28387,0,0
STX,PE,D,20160203,000000,4.22602,4.28387,4.22602,4.28387,0,0
STX,PE,D,20160204,000000,4.28387,4.28387,4.22602,4.22602,0,0
STX,PE,D,20160205,000000,4.22602,4.28387,4.22602,4.28387,0,0
STX,PE,D,20160208,000000,4.28387,4.28387,4.22602,4.22602,0,0
STX,PE,D,20160209,000000,4.16808,4.22602,4.16808,4.22602,0,0
STX,PE,D,20160210,000000,4.16808,4.28387,4.16808,4.28387,0,0
STX,PE,D,20160211,000000,4.22602,4.28387,4.22602,4.22602,0,0
STX,PE,D,20160212,000000,4.22602,4.28387,4.16808,4.28387,0,0
STX,PE,D,20160215,000000,4.34172,4.39966,4.28387,4.34172,0,0
STX,PE,D,20160216,000000,4.28387,4.34172,4.22602,4.22602,0,0
STX,PE,D,20160217,000000,4.22602,4.22602,4.22602,4.22602,0,0
STX,PE,D,20160218,000000,4.22602,4.22602,4.22602,4.22602,0,0
STX,PE,D,20160219,000000,4.22602,4.22602,4.22602,4.22602,0,0
STX,PE,D,20160222,000000,4.28387,4.28387,4.22602,4.28387,0,0
STX,PE,D,20160223,000000,4.28387,4.28387,4.22602,4.28387,0,0
STX,PE,D,20160224,000000,4.28387,4.28387,4.22602,4.22602,0,0
STX,PE,D,20160225,000000,4.22602,4.28387,4.22602,4.28387,0,0
STX,PE,D,20160226,000000,4.28387,4.39966,4.28387,4.39966,0,0
STX,PE,D,20160229,000000,4.39966,4.45761,4.34172,4.39966,0,0
STX,PE,D,20160301,000000,4.39966,4.39966,4.34172,4.39966,0,0
STX,PE,D,20160302,000000,4.39966,4.39966,4.39966,4.39966,0,0
STX,PE,D,20160303,000000,4.39966,4.39966,4.34172,4.39966,0,0
STX,PE,D,20160304,000000,4.45761,4.45761,3.99444,3.99444,0,0
STX,PE,D,20160307,000000,3.99444,3.99444,3.93649,3.93649,0,0
STX,PE,D,20160308,000000,3.93649,3.93649,3.87874,3.93649,0,0
STX,PE,D,20160309,000000,3.93649,3.99444,3.93649,3.99444,0,0
STX,PE,D,20160310,000000,3.99444,3.99444,3.99444,3.99444,0,0
STX,PE,D,20160311,000000,3.99444,3.99444,3.93649,3.99444,0,0
STX,PE,D,20160314,000000,3.99444,3.99444,3.93649,3.99444,0,0
STX,PE,D,20160315,000000,3.99444,3.99444,3.93649,3.99444,0,0
STX,PE,D,20160316,000000,3.99444,3.99444,3.87874,3.87874,0,0
STX,PE,D,20160317,000000,3.87874,3.87874,3.8207,3.87874,0,0
STX,PE,D,20160318,000000,3.87874,3.87874,3.76285,3.87874,0,0
STX,PE,D,20160321,000000,3.87874,3.87874,3.8207,3.87874,0,0
STX,PE,D,20160322,000000,3.87874,3.87874,3.8207,3.87874,0,0
STX,PE,D,20160323,000000,3.87874,3.99444,3.8207,3.99444,0,0
STX,PE,D,20160324,000000,3.87874,3.99444,3.87874,3.99444,0,0
STX,PE,D,20160329,000000,3.93649,3.99444,3.93649,3.93649,0,0
STX,PE,D,20160330,000000,3.93649,3.99444,3.93649,3.99444,0,0
STX,PE,D,20160331,000000,3.99444,4.05229,3.99444,3.99444,0,0
STX,PE,D,20160401,000000,3.99444,3.99444,3.93649,3.99444,0,0
STX,PE,D,20160404,000000,3.99444,3.99444,3.93649,3.99444,0,0
STX,PE,D,20160405,000000,3.99444,3.99444,3.93649,3.99444,0,0
STX,PE,D,20160406,000000,3.93649,3.99444,3.87874,3.87874,0,0
STX,PE,D,20160407,000000,3.87874,3.93649,3.87874,3.93649,0,0
STX,PE,D,20160408,000000,3.93649,3.99444,3.93649,3.93649,0,0
STX,PE,D,20160411,000000,3.87874,3.93649,3.87874,3.93649,0,0
STX,PE,D,20160412,000000,3.93649,3.93649,3.87874,3.87874,0,0
STX,PE,D,20160413,000000,3.8207,3.87874,3.8207,3.87874,0,0
STX,PE,D,20160414,000000,3.87874,3.87874,3.8207,3.87874,0,0
STX,PE,D,20160415,000000,3.87874,3.87874,3.8207,3.87874,0,0
STX,PE,D,20160418,000000,3.8207,3.8207,3.8207,3.8207,0,0
STX,PE,D,20160419,000000,3.8207,3.93649,3.8207,3.87874,0,0
STX,PE,D,20160420,000000,3.87874,3.87874,3.76285,3.8207,0,0
STX,PE,D,20160421,000000,3.87874,3.93649,3.87874,3.87874,0,0
STX,PE,D,20160422,000000,3.8207,3.93649,3.8207,3.93649,0,0
STX,PE,D,20160425,000000,3.93649,4.11032,3.87874,3.99444,0,0
STX,PE,D,20160426,000000,4.11032,4.11032,3.99444,3.99444,0,0
STX,PE,D,20160427,000000,3.93649,3.99444,3.93649,3.99444,0,0
STX,PE,D,20160428,000000,3.99444,3.99444,3.93649,3.99444,0,0
STX,PE,D,20160429,000000,3.99444,3.99444,3.93649,3.99444,0,0
STX,PE,D,20160502,000000,3.99444,3.99444,3.93649,3.99444,0,0
STX,PE,D,20160504,000000,3.99444,3.99444,3.93649,3.99444,0,0
STX,PE,D,20160505,000000,3.99444,3.99444,3.93649,3.93649,0,0
STX,PE,D,20160506,000000,4.05229,4.11032,3.41556,3.41556,0,0
STX,PE,D,20160509,000000,3.47332,3.47332,3.35762,3.41556,0,0
STX,PE,D,20160510,000000,3.35762,3.41556,3.35762,3.41556,0,0
STX,PE,D,20160511,000000,3.35762,3.47332,3.35762,3.41556,0,0
STX,PE,D,20160512,000000,3.47332,3.47332,3.41556,3.41556,0,0
STX,PE,D,20160513,000000,3.47332,3.47332,3.41556,3.47332,0,0
STX,PE,D,20160516,000000,3.47332,3.53136,3.47332,3.53136,0,0
STX,PE,D,20160517,000000,3.53136,3.53136,3.47332,3.47332,0,0
STX,PE,D,20160518,000000,3.47332,3.47332,3.41556,3.41556,0,0
STX,PE,D,20160519,000000,3.41556,3.41556,3.35762,3.41556,0,0
STX,PE,D,20160520,000000,3.47332,3.47332,3.35762,3.41556,0,0
STX,PE,D,20160523,000000,3.41556,3.53136,3.35762,3.47332,0,0
STX,PE,D,20160524,000000,3.47332,3.47332,3.41556,3.47332,0,0
STX,PE,D,20160525,000000,3.47332,3.76285,3.47332,3.76285,0,0
STX,PE,D,20160527,000000,3.8207,3.8207,3.705,3.705,0,0
STX,PE,D,20160530,000000,3.705,3.76285,3.705,3.705,0,0
STX,PE,D,20160531,000000,3.705,3.705,3.64706,3.705,0,0
STX,PE,D,20160601,000000,3.64706,3.705,3.58921,3.705,0,0
STX,PE,D,20160602,000000,3.64706,3.76285,3.64706,3.705,0,0
STX,PE,D,20160603,000000,3.705,3.705,3.705,3.705,0,0
STX,PE,D,20160606,000000,3.705,3.705,3.64706,3.64706,0,0
STX,PE,D,20160607,000000,3.64706,3.705,3.64706,3.705,0,0
STX,PE,D,20160608,000000,3.705,3.705,3.64706,3.705,0,0
STX,PE,D,20160609,000000,3.705,3.705,3.64706,3.64706,0,0
STX,PE,D,20160610,000000,3.64706,3.64706,3.58921,3.64706,0,0
STX,PE,D,20160613,000000,3.64706,3.64706,3.58921,3.64706,0,0
STX,PE,D,20160614,000000,3.64706,3.705,3.58921,3.64706,0,0
STX,PE,D,20160615,000000,3.64706,3.705,3.58921,3.705,0,0
STX,PE,D,20160616,000000,3.705,3.705,3.64706,3.705,0,0
STX,PE,D,20160617,000000,3.705,3.705,3.64706,3.64706,0,0
STX,PE,D,20160620,000000,3.705,3.705,3.58921,3.705,0,0
STX,PE,D,20160621,000000,3.705,3.76285,3.64706,3.64706,0,0
STX,PE,D,20160622,000000,3.64706,3.705,3.64706,3.705,0,0
STX,PE,D,20160623,000000,3.705,3.76285,3.64706,3.64706,0,0
STX,PE,D,20160624,000000,3.47332,3.53136,3.41556,3.53136,0,0
STX,PE,D,20160627,000000,3.53136,3.58921,3.53136,3.53136,0,0
STX,PE,D,20160628,000000,3.53136,3.64706,3.53136,3.58921,0,0
STX,PE,D,20160629,000000,3.64706,3.64706,3.58921,3.64706,0,0
STX,PE,D,20160630,000000,3.64706,3.64706,3.64706,3.64706,0,0
STX,PE,D,20160701,000000,3.58921,3.64706,3.58921,3.64706,0,0
STX,PE,D,20160704,000000,3.64706,3.64706,3.58921,3.58921,0,0
STX,PE,D,20160705,000000,3.58921,3.58921,3.58921,3.58921,0,0
STX,PE,D,20160706,000000,3.58921,3.58921,3.53136,3.53136,0,0
STX,PE,D,20160707,000000,3.53136,3.58921,3.53136,3.58921,0,0
STX,PE,D,20160708,000000,3.58921,3.64706,3.53136,3.58921,0,0
STX,PE,D,20160711,000000,3.58921,3.58921,3.53136,3.58921,0,0
STX,PE,D,20160712,000000,3.58921,3.58921,3.58921,3.58921,0,0
STX,PE,D,20160713,000000,3.58921,3.58921,3.53136,3.53136,0,0
STX,PE,D,20160714,000000,3.53136,3.53136,3.53136,3.53136,0,0
STX,PE,D,20160715,000000,3.53136,3.53136,3.53136,3.53136,0,0
STX,PE,D,20160718,000000,3.53136,3.53136,3.53136,3.53136,0,0
STX,PE,D,20160719,000000,3.53136,3.58921,3.53136,3.58921,0,0
STX,PE,D,20160720,000000,3.58921,3.58921,3.53136,3.53136,0,0
STX,PE,D,20160721,000000,3.53136,3.53136,3.47332,3.53136,0,0
STX,PE,D,20160722,000000,3.53136,3.53136,3.47332,3.53136,0,0
STX,PE,D,20160725,000000,3.53136,3.53136,3.53136,3.53136,0,0
STX,PE,D,20160726,000000,3.53136,3.64706,3.53136,3.64706,0,0
STX,PE,D,20160727,000000,3.64706,3.76285,3.64706,3.705,0,0
STX,PE,D,20160728,000000,3.705,3.87874,3.705,3.87874,0,0
STX,PE,D,20160729,000000,3.93649,3.93649,3.8207,3.87874,0,0
STX,PE,D,20160801,000000,3.93649,3.93649,3.8207,3.8207,0,0
STX,PE,D,20160802,000000,3.87874,3.87874,3.705,3.705,0,0
STX,PE,D,20160803,000000,3.705,3.705,3.64706,3.705,0,0
STX,PE,D,20160804,000000,3.705,3.705,3.705,3.705,0,0
STX,PE,D,20160805,000000,3.705,3.705,3.705,3.705,0,0
STX,PE,D,20160808,000000,3.705,3.705,3.705,3.705,0,0
STX,PE,D,20160809,000000,3.705,3.76285,3.705,3.76285,0,0
STX,PE,D,20160810,000000,3.76285,3.8207,3.76285,3.8207,0,0
STX,PE,D,20160811,000000,3.87874,3.87874,3.76285,3.76285,0,0
STX,PE,D,20160812,000000,3.705,3.705,3.705,3.705,0,0
STX,PE,D,20160816,000000,3.705,3.705,3.705,3.705,0,0
STX,PE,D,20160817,000000,3.705,3.705,3.705,3.705,0,0
STX,PE,D,20160818,000000,3.705,3.705,3.64706,3.64706,0,0
STX,PE,D,20160819,000000,3.64706,3.64706,3.58921,3.64706,0,0
STX,PE,D,20160822,000000,3.64706,3.64706,3.53136,3.53136,0,0
STX,PE,D,20160823,000000,3.53136,3.64706,3.53136,3.64706,0,0
STX,PE,D,20160824,000000,3.64706,3.705,3.64706,3.64706,0,0
STX,PE,D,20160825,000000,3.64706,3.64706,3.58921,3.64706,0,0
STX,PE,D,20160826,000000,3.58921,3.64706,3.58921,3.64706,0,0
STX,PE,D,20160829,000000,3.58921,3.705,3.58921,3.705,0,0
STX,PE,D,20160830,000000,3.705,3.76285,3.64706,3.705,0,0
STX,PE,D,20160831,000000,3.705,3.705,3.58921,3.64706,0,0
STX,PE,D,20160901,000000,3.705,3.705,3.64706,3.64706,0,0
STX,PE,D,20160902,000000,3.64706,3.64706,3.64706,3.64706,0,0
STX,PE,D,20160905,000000,3.64706,3.705,3.64706,3.64706,0,0
STX,PE,D,20160906,000000,3.64706,3.64706,3.64706,3.64706,0,0
STX,PE,D,20160907,000000,3.705,3.705,3.64706,3.64706,0,0
STX,PE,D,20160908,000000,3.64706,3.64706,3.58921,3.64706,0,0
STX,PE,D,20160909,000000,3.64706,3.64706,3.58921,3.58921,0,0
STX,PE,D,20160912,000000,3.53136,3.58921,3.53136,3.58921,0,0
STX,PE,D,20160913,000000,3.58921,3.64706,3.58921,3.58921,0,0
STX,PE,D,20160914,000000,3.58921,3.58921,3.53136,3.58921,0,0
STX,PE,D,20160915,000000,3.53136,3.58921,3.47332,3.53136,0,0
STX,PE,D,20160916,000000,3.53136,3.53136,3.47332,3.53136,0,0
STX,PE,D,20160919,000000,3.53136,3.53136,3.47332,3.53136,0,0
STX,PE,D,20160920,000000,3.53136,3.53136,3.47332,3.53136,0,0
STX,PE,D,20160921,000000,3.53136,3.53136,3.47332,3.53136,0,0
STX,PE,D,20160922,000000,3.53136,3.53136,3.47332,3.53136,0,0
STX,PE,D,20160923,000000,3.47332,3.47332,3.47332,3.47332,0,0
STX,PE,D,20160926,000000,3.47332,3.47332,3.35762,3.41556,0,0
STX,PE,D,20160927,000000,3.41556,3.41556,3.41556,3.41556,0,0
STX,PE,D,20160928,000000,3.47332,3.47332,3.35762,3.41556,0,0
STX,PE,D,20160929,000000,3.41556,3.41556,3.35762,3.41556,0,0
STX,PE,D,20160930,000000,3.41556,3.47332,3.35762,3.47332,0,0
STX,PE,D,20161003,000000,3.47332,3.58921,3.47332,3.53136,0,0
STX,PE,D,20161004,000000,3.53136,3.64706,3.53136,3.58921,0,0
STX,PE,D,20161005,000000,3.64706,3.64706,3.58921,3.64706,0,0
STX,PE,D,20161006,000000,3.64706,3.705,3.58921,3.58921,0,0
STX,PE,D,20161007,000000,3.58921,3.58921,3.53136,3.58921,0,0
STX,PE,D,20161010,000000,3.58921,3.58921,3.53136,3.58921,0,0
STX,PE,D,20161011,000000,3.58921,3.58921,3.53136,3.58921,0,0
STX,PE,D,20161012,000000,3.53136,3.58921,3.47332,3.53136,0,0
STX,PE,D,20161013,000000,3.53136,3.53136,3.53136,3.53136,0,0
STX,PE,D,20161014,000000,3.53136,3.58921,3.47332,3.58921,0,0
STX,PE,D,20161017,000000,3.53136,3.58921,3.53136,3.53136,0,0
STX,PE,D,20161018,000000,3.53136,3.53136,3.47332,3.53136,0,0
STX,PE,D,20161019,000000,3.53136,3.58921,3.53136,3.53136,0,0
STX,PE,D,20161020,000000,3.53136,3.58921,3.47332,3.53136,0,0
STX,PE,D,20161021,000000,3.53136,3.53136,3.47332,3.53136,0,0
STX,PE,D,20161024,000000,3.47332,3.53136,3.47332,3.53136,0,0
STX,PE,D,20161025,000000,3.53136,3.53136,3.47332,3.53136,0,0
STX,PE,D,20161026,000000,3.53136,3.58921,3.53136,3.58921,0,0
STX,PE,D,20161027,000000,3.53136,3.58921,3.53136,3.58921,0,0
STX,PE,D,20161028,000000,3.58921,3.58921,3.53136,3.53136,0,0
STX,PE,D,20161031,000000,3.53136,3.53136,3.53136,3.53136,0,0
STX,PE,D,20161102,000000,3.53136,3.58921,3.47332,3.53136,0,0
STX,PE,D,20161103,000000,3.64706,3.64706,3.58921,3.64706,0,0
STX,PE,D,20161104,000000,3.64706,3.705,3.64706,3.705,0,0
STX,PE,D,20161107,000000,3.705,3.705,3.64706,3.64706,0,0
STX,PE,D,20161108,000000,3.58921,3.705,3.58921,3.705,0,0
STX,PE,D,20161109,000000,3.64706,3.8207,3.64706,3.76285,0,0
STX,PE,D,20161110,000000,3.76285,3.87874,3.58921,3.87874,0,0
STX,PE,D,20161114,000000,3.87874,3.87874,3.8207,3.87874,0,0
STX,PE,D,20161115,000000,3.87874,3.93649,3.87874,3.93649,0,0
STX,PE,D,20161116,000000,3.93649,3.93649,3.87874,3.93649,0,0
STX,PE,D,20161117,000000,3.93649,3.93649,3.87874,3.93649,0,0
STX,PE,D,20161118,000000,3.93649,3.93649,3.87874,3.87874,0,0
STX,PE,D,20161121,000000,3.87874,3.93649,3.87874,3.93649,0,0
STX,PE,D,20161122,000000,3.93649,3.93649,3.93649,3.93649,0,0
STX,PE,D,20161123,000000,3.93649,3.93649,3.93649,3.93649,0,0
STX,PE,D,20161124,000000,3.93649,3.99444,3.93649,3.93649,0,0
STX,PE,D,20161125,000000,3.93649,3.93649,3.87874,3.93649,0,0
STX,PE,D,20161128,000000,3.93649,3.93649,3.87874,3.93649,0,0
STX,PE,D,20161129,000000,3.93649,3.93649,3.93649,3.93649,0,0
STX,PE,D,20161130,000000,3.93649,3.93649,3.93649,3.93649,0,0
STX,PE,D,20161201,000000,3.93649,3.93649,3.87874,3.93649,0,0
STX,PE,D,20161202,000000,3.93649,3.93649,3.93649,3.93649,0,0
STX,PE,D,20161205,000000,3.93649,3.93649,3.93649,3.93649,0,0
STX,PE,D,20161206,000000,3.93649,3.93649,3.93649,3.93649,0,0
STX,PE,D,20161207,000000,3.93649,3.93649,3.93649,3.93649,0,0
STX,PE,D,20161208,000000,3.93649,3.93649,3.93649,3.93649,0,0
STX,PE,D,20161209,000000,3.93649,3.99444,3.93649,3.99444,0,0
STX,PE,D,20161212,000000,3.99444,3.99444,3.99444,3.99444,0,0
STX,PE,D,20161213,000000,3.99444,3.99444,3.93649,3.99444,0,0
STX,PE,D,20161214,000000,3.99444,3.99444,3.99444,3.99444,0,0
STX,PE,D,20161215,000000,3.99444,4.05229,3.99444,4.05229,0,0
STX,PE,D,20161216,000000,4.05229,4.16808,4.05229,4.05229,0,0
STX,PE,D,20161219,000000,4.11032,4.11032,4.05229,4.11032,0,0
STX,PE,D,20161220,000000,4.11032,4.16808,4.11032,4.16808,0,0
STX,PE,D,20161221,000000,4.16808,4.22602,4.16808,4.16808,0,0
STX,PE,D,20161222,000000,4.16808,4.16808,4.16808,4.16808,0,0
STX,PE,D,20161223,000000,4.16808,4.16808,4.16808,4.16808,0,0
STX,PE,D,20161227,000000,4.16808,4.22602,4.16808,4.16808,0,0
STX,PE,D,20161228,000000,4.16808,4.16808,4.11032,4.16808,0,0
STX,PE,D,20161229,000000,4.16808,4.16808,4.11032,4.16808,0,0
STX,PE,D,20161230,000000,4.16808,4.22602,4.16808,4.22602,0,0
STX,PE,D,20170102,000000,4.16808,4.22602,4.11032,4.16808,0,0
STX,PE,D,20170103,000000,4.16808,4.16808,4.16808,4.16808,0,0
STX,PE,D,20170104,000000,4.16808,4.16808,4.11032,4.16808,0,0
STX,PE,D,20170105,000000,4.16808,4.16808,4.11032,4.11032,0,0
STX,PE,D,20170109,000000,4.11032,4.16808,4.11032,4.16808,0,0
STX,PE,D,20170110,000000,4.16808,4.16808,4.11032,4.11032,0,0
STX,PE,D,20170111,000000,4.11032,4.11032,4.05229,4.05229,0,0
STX,PE,D,20170112,000000,4.05229,4.05229,3.93649,3.99444,0,0
STX,PE,D,20170113,000000,3.99444,3.99444,3.93649,3.99444,0,0
STX,PE,D,20170116,000000,4.05229,4.05229,4.05229,4.05229,0,0
STX,PE,D,20170117,000000,4.05229,4.11032,4.05229,4.11032,0,0
STX,PE,D,20170118,000000,4.16808,4.16808,4.16808,4.16808,0,0
STX,PE,D,20170119,000000,4.16808,4.16808,4.11032,4.16808,0,0
STX,PE,D,20170120,000000,4.22602,4.22602,4.16808,4.22602,0,0
STX,PE,D,20170123,000000,4.22602,4.39966,4.22602,4.28387,0,0
STX,PE,D,20170124,000000,4.28387,4.39966,4.22602,4.39966,0,0
STX,PE,D,20170125,000000,4.39966,4.45761,4.34172,4.39966,0,0
STX,PE,D,20170126,000000,4.45761,4.45761,4.34172,4.39966,0,0
STX,PE,D,20170127,000000,4.39966,4.39966,4.39966,4.39966,0,0
STX,PE,D,20170130,000000,4.39966,4.39966,4.34172,4.34172,0,0
STX,PE,D,20170131,000000,4.34172,4.39966,4.34172,4.39966,0,0
STX,PE,D,20170201,000000,4.39966,4.39966,4.34172,4.39966,0,0
STX,PE,D,20170202,000000,4.39966,4.39966,4.34172,4.34172,0,0
STX,PE,D,20170203,000000,4.28387,4.39966,4.28387,4.39966,0,0
STX,PE,D,20170206,000000,4.39966,4.39966,4.34172,4.39966,0,0
STX,PE,D,20170207,000000,4.34172,4.34172,4.28387,4.28387,0,0
STX,PE,D,20170208,000000,4.28387,4.28387,4.22602,4.28387,0,0
STX,PE,D,20170209,000000,4.34172,4.34172,4.28387,4.34172,0,0
STX,PE,D,20170210,000000,4.39966,4.39966,4.34172,4.34172,0,0
STX,PE,D,20170213,000000,4.39966,4.39966,4.28387,4.28387,0,0
STX,PE,D,20170214,000000,4.34172,4.34172,4.28387,4.34172,0,0
STX,PE,D,20170215,000000,4.34172,4.39966,4.34172,4.39966,0,0
STX,PE,D,20170216,000000,4.39966,4.39966,4.39966,4.39966,0,0
STX,PE,D,20170217,000000,4.39966,4.5734,4.39966,4.45761,0,0
STX,PE,D,20170220,000000,4.51536,4.6891,4.51536,4.6891,0,0
STX,PE,D,20170221,000000,4.6891,4.74695,4.63125,4.74695,0,0
STX,PE,D,20170222,000000,4.74695,4.74695,4.63125,4.6891,0,0
STX,PE,D,20170223,000000,4.63125,4.6891,4.63125,4.6891,0,0
STX,PE,D,20170224,000000,4.6891,4.74695,4.5734,4.6891,0,0
STX,PE,D,20170227,000000,4.6891,4.6891,4.5734,4.63125,0,0
STX,PE,D,20170228,000000,4.63125,4.63125,4.63125,4.63125,0,0
STX,PE,D,20170301,000000,4.63125,4.74695,4.63125,4.74695,0,0
STX,PE,D,20170302,000000,4.74695,4.80489,4.6891,4.6891,0,0
STX,PE,D,20170303,000000,4.63125,4.74695,3.99444,3.99444,0,0
STX,PE,D,20170306,000000,4.05229,4.05229,3.93649,3.93649,0,0
STX,PE,D,20170307,000000,3.93649,3.93649,3.87874,3.87874,0,0
STX,PE,D,20170308,000000,3.87874,3.87874,3.8207,3.8207,0,0
STX,PE,D,20170309,000000,3.87874,3.87874,3.8207,3.8207,0,0
STX,PE,D,20170310,000000,3.8207,3.87874,3.76285,3.87874,0,0
STX,PE,D,20170313,000000,3.93649,3.93649,3.8207,3.8207,0,0
STX,PE,D,20170314,000000,3.8207,3.8207,3.76285,3.8207,0,0
STX,PE,D,20170315,000000,3.8207,3.8207,3.705,3.705,0,0
STX,PE,D,20170316,000000,3.8207,3.8207,3.705,3.705,0,0
STX,PE,D,20170317,000000,3.76285,3.76285,3.705,3.76285,0,0
STX,PE,D,20170320,000000,3.8207,3.8207,3.76285,3.76285,0,0
STX,PE,D,20170321,000000,3.76285,3.76285,3.76285,3.76285,0,0
STX,PE,D,20170322,000000,3.76285,3.76285,3.705,3.705,0,0
STX,PE,D,20170323,000000,3.705,3.76285,3.64706,3.76285,0,0
STX,PE,D,20170324,000000,3.76285,3.76285,3.64706,3.705,0,0
STX,PE,D,20170327,000000,3.705,3.705,3.64706,3.64706,0,0
STX,PE,D,20170328,000000,3.64706,3.705,3.64706,3.64706,0,0
STX,PE,D,20170329,000000,3.64706,3.64706,3.58921,3.58921,0,0
STX,PE,D,20170330,000000,3.58921,3.64706,3.58921,3.64706,0,0
STX,PE,D,20170331,000000,3.64706,3.64706,3.64706,3.64706,0,0
STX,PE,D,20170403,000000,3.64706,3.64706,3.58921,3.64706,0,0
STX,PE,D,20170404,000000,3.64706,3.64706,3.58921,3.58921,0,0
STX,PE,D,20170405,000000,3.58921,3.64706,3.58921,3.64706,0,0
STX,PE,D,20170406,000000,3.64706,3.64706,3.64706,3.64706,0,0
STX,PE,D,20170407,000000,3.64706,3.64706,3.64706,3.64706,0,0
STX,PE,D,20170410,000000,3.705,3.705,3.64706,3.64706,0,0
STX,PE,D,20170411,000000,3.64706,3.64706,3.64706,3.64706,0,0
STX,PE,D,20170412,000000,3.64706,3.64706,3.64706,3.64706,0,0
STX,PE,D,20170413,000000,3.64706,3.64706,3.64706,3.64706,0,0
STX,PE,D,20170418,000000,3.64706,3.64706,3.64706,3.64706,0,0
STX,PE,D,20170419,000000,3.64706,3.64706,3.58921,3.64706,0,0
STX,PE,D,20170420,000000,3.64706,3.64706,3.58921,3.64706,0,0
STX,PE,D,20170421,000000,3.69599,3.75654,3.63545,3.63545,0,0
STX,PE,D,20170424,000000,3.63545,3.63545,3.63545,3.63545,0,0
STX,PE,D,20170425,000000,3.63545,3.63545,3.51418,3.63545,0,0
STX,PE,D,20170426,000000,3.57481,3.69599,3.57481,3.69599,0,0
STX,PE,D,20170427,000000,3.69599,3.69599,3.63545,3.63545,0,0
STX,PE,D,20170428,000000,3.63545,3.63545,3.63545,3.63545,0,0
STX,PE,D,20170502,000000,3.69599,3.75654,3.63545,3.75654,0,0
STX,PE,D,20170504,000000,3.75654,3.75654,3.69599,3.69599,0,0
STX,PE,D,20170505,000000,3.69599,3.69599,3.63545,3.63545,0,0
STX,PE,D,20170508,000000,3.63545,3.63545,3.63545,3.63545,0,0
STX,PE,D,20170509,000000,3.63545,3.63545,3.57481,3.57481,0,0
STX,PE,D,20170510,000000,3.57481,3.63545,3.51418,3.63545,0,0
STX,PE,D,20170511,000000,3.63545,3.63545,3.57481,3.57481,0,0
STX,PE,D,20170512,000000,3.51418,3.57481,3.51418,3.57481,0,0
STX,PE,D,20170515,000000,3.57481,3.57481,3.51418,3.57481,0,0
STX,PE,D,20170516,000000,3.57481,3.69599,3.57481,3.63545,0,0
STX,PE,D,20170517,000000,3.69599,3.69599,3.63545,3.63545,0,0
STX,PE,D,20170518,000000,3.63545,3.63545,3.57481,3.57481,0,0
STX,PE,D,20170519,000000,3.57481,3.69599,3.57481,3.69599,0,0
STX,PE,D,20170522,000000,3.69599,3.69599,3.63545,3.69599,0,0
STX,PE,D,20170523,000000,3.69599,3.69599,3.57481,3.57481,0,0
STX,PE,D,20170524,000000,3.57481,3.57481,3.51418,3.57481,0,0
STX,PE,D,20170525,000000,3.57481,3.69599,3.57481,3.63545,0,0
STX,PE,D,20170526,000000,3.63545,3.63545,3.57481,3.63545,0,0
STX,PE,D,20170529,000000,3.63545,3.63545,3.63545,3.63545,0,0
STX,PE,D,20170530,000000,3.63545,3.63545,3.63545,3.63545,0,0
STX,PE,D,20170531,000000,3.63545,3.63545,3.57481,3.63545,0,0
STX,PE,D,20170601,000000,3.63545,3.69599,3.63545,3.69599,0,0
STX,PE,D,20170602,000000,3.69599,3.69599,3.63545,3.63545,0,0
STX,PE,D,20170605,000000,3.63545,3.69599,3.63545,3.69599,0,0
STX,PE,D,20170606,000000,3.69599,3.69599,3.69599,3.69599,0,0
STX,PE,D,20170607,000000,3.69599,3.75654,3.69599,3.75654,0,0
STX,PE,D,20170608,000000,3.75654,3.75654,3.75654,3.75654,0,0
STX,PE,D,20170609,000000,3.75654,3.81717,3.75654,3.81717,0,0
STX,PE,D,20170612,000000,3.81717,3.81717,3.75654,3.75654,0,0
STX,PE,D,20170613,000000,3.75654,3.81717,3.75654,3.81717,0,0
STX,PE,D,20170614,000000,3.81717,3.81717,3.81717,3.81717,0,0
STX,PE,D,20170616,000000,3.81717,3.81717,3.75654,3.81717,0,0
STX,PE,D,20170619,000000,3.81717,3.81717,3.81717,3.81717,0,0
STX,PE,D,20170620,000000,3.81717,3.81717,3.81717,3.81717,0,0
STX,PE,D,20170621,000000,3.81717,3.81717,3.75654,3.81717,0,0
STX,PE,D,20170622,000000,3.81717,3.81717,3.75654,3.81717,0,0
STX,PE,D,20170623,000000,3.81717,3.81717,3.75654,3.81717,0,0
STX,PE,D,20170626,000000,3.81717,3.99889,3.81717,3.93844,0,0
STX,PE,D,20170627,000000,3.93844,3.99889,3.93844,3.99889,0,0
STX,PE,D,20170628,000000,3.99889,3.99889,3.93844,3.93844,0,0
STX,PE,D,20170629,000000,3.93844,3.93844,3.93844,3.93844,0,0
STX,PE,D,20170630,000000,3.93844,3.93844,3.93844,3.93844,0,0
STX,PE,D,20170703,000000,3.93844,3.99889,3.93844,3.93844,0,0
STX,PE,D,20170704,000000,3.93844,3.93844,3.93844,3.93844,0,0
STX,PE,D,20170705,000000,3.93844,3.99889,3.93844,3.99889,0,0
STX,PE,D,20170706,000000,3.99889,4.05953,3.99889,4.05953,0,0
STX,PE,D,20170707,000000,4.05953,4.12026,4.05953,4.05953,0,0
STX,PE,D,20170710,000000,4.12026,4.18071,4.05953,4.12026,0,0
STX,PE,D,20170711,000000,4.12026,4.12026,4.05953,4.05953,0,0
STX,PE,D,20170712,000000,4.05953,4.05953,3.93844,4.05953,0,0
STX,PE,D,20170713,000000,4.05953,4.05953,4.05953,4.05953,0,0
STX,PE,D,20170714,000000,4.05953,4.05953,3.99889,4.05953,0,0
STX,PE,D,20170717,000000,4.05953,4.05953,3.99889,3.99889,0,0
STX,PE,D,20170718,000000,3.99889,4.05953,3.93844,3.99889,0,0
STX,PE,D,20170719,000000,3.99889,4.05953,3.93844,4.05953,0,0
STX,PE,D,20170720,000000,4.05953,4.18071,4.05953,4.05953,0,0
STX,PE,D,20170721,000000,4.05953,4.12026,4.05953,4.12026,0,0
STX,PE,D,20170724,000000,4.12026,4.12026,4.05953,4.12026,0,0
STX,PE,D,20170725,000000,4.12026,4.12026,4.05953,4.05953,0,0
STX,PE,D,20170726,000000,4.05953,4.05953,4.05953,4.05953,0,0
STX,PE,D,20170727,000000,4.05953,4.05953,4.05953,4.05953,0,0
STX,PE,D,20170728,000000,4.05953,4.05953,4.05953,4.05953,0,0
STX,PE,D,20170731,000000,4.05953,4.05953,4.05953,4.05953,0,0
STX,PE,D,20170801,000000,4.05953,4.05953,3.99889,4.05953,0,0
STX,PE,D,20170802,000000,4.05953,4.18071,4.05953,4.12026,0,0
STX,PE,D,20170803,000000,4.12026,4.18071,3.99889,4.12026,0,0
STX,PE,D,20170804,000000,4.05953,4.12026,3.93844,3.93844,0,0
STX,PE,D,20170807,000000,3.93844,3.93844,3.75654,3.75654,0,0
STX,PE,D,20170808,000000,3.75654,3.81717,3.75654,3.75654,0,0
STX,PE,D,20170809,000000,3.75654,3.75654,3.69599,3.75654,0,0
STX,PE,D,20170810,000000,3.81717,3.99889,3.81717,3.87781,0,0
STX,PE,D,20170811,000000,3.87781,3.87781,3.81717,3.81717,0,0
STX,PE,D,20170814,000000,3.81717,3.93844,3.81717,3.93844,0,0
STX,PE,D,20170816,000000,3.93844,3.99889,3.93844,3.93844,0,0
STX,PE,D,20170817,000000,3.93844,3.99889,3.93844,3.93844,0,0
STX,PE,D,20170818,000000,3.93844,3.93844,3.87781,3.93844,0,0
STX,PE,D,20170821,000000,3.93844,3.93844,3.87781,3.93844,0,0
STX,PE,D,20170822,000000,3.93844,3.93844,3.93844,3.93844,0,0
STX,PE,D,20170823,000000,3.93844,3.99889,3.93844,3.99889,0,0
STX,PE,D,20170824,000000,3.99889,3.99889,3.93844,3.99889,0,0
STX,PE,D,20170825,000000,3.99889,3.99889,3.93844,3.93844,0,0
STX,PE,D,20170828,000000,3.93844,3.93844,3.75654,3.87781,0,0
STX,PE,D,20170829,000000,3.87781,3.93844,3.87781,3.93844,0,0
STX,PE,D,20170830,000000,3.93844,3.93844,3.87781,3.93844,0,0
STX,PE,D,20170831,000000,3.93844,3.93844,3.93844,3.93844,0,0
STX,PE,D,20170901,000000,3.93844,3.93844,3.87781,3.93844,0,0
STX,PE,D,20170904,000000,3.93844,3.93844,3.93844,3.93844,0,0
STX,PE,D,20170905,000000,3.93844,3.93844,3.93844,3.93844,0,0
STX,PE,D,20170906,000000,3.93844,3.93844,3.93844,3.93844,0,0
STX,PE,D,20170907,000000,3.93844,3.93844,3.87781,3.87781,0,0
STX,PE,D,20170908,000000,3.87781,3.93844,3.87781,3.93844,0,0
STX,PE,D,20170911,000000,3.93844,3.93844,3.87781,3.93844,0,0
STX,PE,D,20170912,000000,3.93844,3.93844,3.81717,3.81717,0,0
STX,PE,D,20170913,000000,3.81717,3.87781,3.75654,3.81717,0,0
STX,PE,D,20170914,000000,3.81717,3.81717,3.75654,3.81717,0,0
STX,PE,D,20170915,000000,3.81717,3.87781,3.81717,3.87781,0,0
STX,PE,D,20170918,000000,3.87781,3.87781,3.81717,3.81717,0,0
STX,PE,D,20170919,000000,3.81717,3.81717,3.81717,3.81717,0,0
STX,PE,D,20170920,000000,3.81717,3.81717,3.75654,3.81717,0,0
STX,PE,D,20170921,000000,3.81717,3.81717,3.75654,3.75654,0,0
STX,PE,D,20170922,000000,3.75654,3.75654,3.75654,3.75654,0,0
STX,PE,D,20170925,000000,3.75654,3.75654,3.75654,3.75654,0,0
STX,PE,D,20170926,000000,3.75654,3.75654,3.63545,3.63545,0,0
STX,PE,D,20170927,000000,3.63545,3.69599,3.63545,3.69599,0,0
STX,PE,D,20170928,000000,3.69599,3.69599,3.69599,3.69599,0,0
STX,PE,D,20170929,000000,3.63545,3.63545,3.63545,3.63545,0,0
STX,PE,D,20171002,000000,3.63545,3.69599,3.63545,3.69599,0,0
STX,PE,D,20171003,000000,3.69599,3.69599,3.63545,3.63545,0,0
STX,PE,D,20171004,000000,3.63545,3.63545,3.57481,3.63545,0,0
STX,PE,D,20171005,000000,3.63545,3.69599,3.63545,3.63545,0,0
STX,PE,D,20171006,000000,3.63545,3.63545,3.57481,3.63545,0,0
STX,PE,D,20171009,000000,3.63545,3.63545,3.57481,3.63545,0,0
STX,PE,D,20171010,000000,3.63545,3.63545,3.63545,3.63545,0,0
STX,PE,D,20171011,000000,3.63545,3.63545,3.63545,3.63545,0,0
STX,PE,D,20171012,000000,3.63545,3.63545,3.63545,3.63545,0,0
STX,PE,D,20171013,000000,3.63545,3.63545,3.63545,3.63545,0,0
STX,PE,D,20171016,000000,3.63545,3.63545,3.63545,3.63545,0,0
STX,PE,D,20171017,000000,3.63545,3.63545,3.63545,3.63545,0,0
STX,PE,D,20171018,000000,3.63545,3.63545,3.63545,3.63545,0,0
STX,PE,D,20171019,000000,3.63545,3.63545,3.57481,3.63545,0,0
STX,PE,D,20171020,000000,3.63545,3.63545,3.51418,3.51418,0,0
STX,PE,D,20171023,000000,3.51418,3.57481,3.51418,3.57481,0,0
STX,PE,D,20171024,000000,3.57481,3.57481,3.51418,3.57481,0,0
STX,PE,D,20171025,000000,3.51418,3.63545,3.51418,3.63545,0,0
STX,PE,D,20171026,000000,3.63545,3.75654,3.63545,3.69599,0,0
STX,PE,D,20171027,000000,3.69599,3.69599,3.63545,3.63545,0,0
STX,PE,D,20171030,000000,3.63545,3.63545,3.51418,3.57481,0,0
STX,PE,D,20171031,000000,3.57481,3.57481,3.45364,3.51418,0,0
STX,PE,D,20171102,000000,3.51418,3.51418,3.45364,3.45364,0,0
STX,PE,D,20171103,000000,3.45364,3.51418,3.45364,3.51418,0,0
STX,PE,D,20171106,000000,3.51418,3.51418,3.45364,3.45364,0,0
STX,PE,D,20171107,000000,3.45364,3.51418,3.45364,3.45364,0,0
STX,PE,D,20171108,000000,3.51418,3.51418,3.45364,3.45364,0,0
STX,PE,D,20171109,000000,3.51418,3.51418,3.33246,3.33246,0,0
STX,PE,D,20171110,000000,3.33246,3.33246,3.33246,3.33246,0,0
STX,PE,D,20171113,000000,3.33246,3.393,3.33246,3.393,0,0
STX,PE,D,20171114,000000,3.393,3.45364,3.393,3.45364,0,0
STX,PE,D,20171115,000000,3.45364,3.45364,3.393,3.393,0,0
STX,PE,D,20171116,000000,3.393,3.45364,3.33246,3.45364,0,0
STX,PE,D,20171117,000000,3.45364,3.45364,3.393,3.393,0,0
STX,PE,D,20171120,000000,3.45364,3.45364,3.393,3.45364,0,0
STX,PE,D,20171121,000000,3.45364,3.51418,3.45364,3.45364,0,0
STX,PE,D,20171122,000000,3.51418,3.51418,3.45364,3.51418,0,0
STX,PE,D,20171123,000000,3.51418,3.51418,3.45364,3.45364,0,0
STX,PE,D,20171124,000000,3.51418,3.51418,3.45364,3.45364,0,0
STX,PE,D,20171127,000000,3.45364,3.45364,3.45364,3.45364,0,0
STX,PE,D,20171128,000000,3.51418,3.51418,3.45364,3.45364,0,0
STX,PE,D,20171129,000000,3.45364,3.45364,3.45364,3.45364,0,0
STX,PE,D,20171130,000000,3.45364,3.45364,3.393,3.393,0,0
STX,PE,D,20171201,000000,3.393,3.45364,3.33246,3.393,0,0
STX,PE,D,20171204,000000,3.393,3.57481,3.393,3.51418,0,0
STX,PE,D,20171205,000000,3.57481,3.57481,3.51418,3.57481,0,0
STX,PE,D,20171206,000000,3.57481,3.57481,3.51418,3.57481,0,0
STX,PE,D,20171207,000000,3.63545,3.63545,3.57481,3.57481,0,0
STX,PE,D,20171208,000000,3.57481,3.69599,3.57481,3.63545,0,0
STX,PE,D,20171211,000000,3.63545,3.63545,3.51418,3.57481,0,0
STX,PE,D,20171212,000000,3.57481,3.63545,3.51418,3.57481,0,0
STX,PE,D,20171213,000000,3.57481,3.69599,3.57481,3.69599,0,0
STX,PE,D,20171214,000000,3.75654,3.75654,3.69599,3.69599,0,0
STX,PE,D,20171215,000000,3.69599,3.69599,3.57481,3.63545,0,0
STX,PE,D,20171218,000000,3.63545,3.63545,3.57481,3.57481,0,0
STX,PE,D,20171219,000000,3.57481,3.57481,3.51418,3.57481,0,0
STX,PE,D,20171220,000000,3.57481,3.57481,3.51418,3.51418,0,0
STX,PE,D,20171221,000000,3.51418,3.51418,3.45364,3.51418,0,0
STX,PE,D,20171222,000000,3.51418,3.57481,3.51418,3.57481,0,0
STX,PE,D,20171227,000000,3.57481,3.57481,3.57481,3.57481,0,0
STX,PE,D,20171228,000000,3.57481,3.63545,3.57481,3.63545,0,0
STX,PE,D,20171229,000000,3.63545,3.69599,3.63545,3.69599,0,0
STX,PE,D,20180103,000000,3.69599,3.69599,3.69599,3.69599,0,0
STX,PE,D,20180104,000000,3.69599,3.69599,3.69599,3.69599,0,0
STX,PE,D,20180105,000000,3.69599,3.75654,3.69599,3.69599,0,0
STX,PE,D,20180108,000000,3.69599,3.75654,3.63545,3.75654,0,0
STX,PE,D,20180109,000000,3.75654,3.87781,3.75654,3.81717,0,0
STX,PE,D,20180110,000000,3.81717,3.87781,3.81717,3.81717,0,0
STX,PE,D,20180111,000000,3.81717,3.87781,3.81717,3.87781,0,0
STX,PE,D,20180112,000000,3.87781,3.87781,3.87781,3.87781,0,0
STX,PE,D,20180115,000000,3.87781,3.87781,3.81717,3.81717,0,0
STX,PE,D,20180116,000000,3.81717,3.87781,3.75654,3.81717,0,0
STX,PE,D,20180117,000000,3.81717,3.81717,3.69599,3.69599,0,0
STX,PE,D,20180118,000000,3.69599,3.75654,3.69599,3.75654,0,0
STX,PE,D,20180119,000000,3.75654,3.75654,3.69599,3.75654,0,0
STX,PE,D,20180122,000000,3.75654,3.75654,3.69599,3.69599,0,0
STX,PE,D,20180123,000000,3.69599,3.81717,3.69599,3.81717,0,0
STX,PE,D,20180124,000000,3.81717,3.87781,3.75654,3.87781,0,0
STX,PE,D,20180125,000000,3.81717,3.87781,3.75654,3.75654,0,0
STX,PE,D,20180126,000000,3.75654,3.93844,3.75654,3.93844,0,0
STX,PE,D,20180129,000000,3.99889,3.99889,3.99889,3.99889,0,0
STX,PE,D,20180130,000000,3.99889,4.05953,3.99889,3.99889,0,0
STX,PE,D,20180131,000000,3.99889,3.99889,3.99889,3.99889,0,0
STX,PE,D,20180201,000000,3.99889,4.05953,3.93844,3.99889,0,0
STX,PE,D,20180202,000000,3.93844,3.99889,3.93844,3.93844,0,0
STX,PE,D,20180205,000000,3.93844,3.93844,3.93844,3.93844,0,0
STX,PE,D,20180206,000000,3.81717,3.87781,3.75654,3.81717,0,0
STX,PE,D,20180207,000000,3.87781,3.93844,3.87781,3.87781,0,0
STX,PE,D,20180208,000000,3.93844,3.93844,3.81717,3.93844,0,0
STX,PE,D,20180209,000000,3.87781,3.93844,3.87781,3.87781,0,0
STX,PE,D,20180212,000000,3.87781,3.87781,3.81717,3.87781,0,0
STX,PE,D,20180213,000000,3.87781,3.87781,3.81717,3.87781,0,0
STX,PE,D,20180214,000000,3.87781,3.87781,3.81717,3.87781,0,0
STX,PE,D,20180215,000000,3.87781,3.93844,3.87781,3.87781,0,0
STX,PE,D,20180216,000000,3.87781,3.87781,3.81717,3.81717,0,0
STX,PE,D,20180219,000000,3.81717,3.87781,3.81717,3.87781,0,0
STX,PE,D,20180220,000000,3.87781,3.93844,3.81717,3.87781,0,0
STX,PE,D,20180221,000000,3.87781,3.87781,3.69599,3.87781,0,0
STX,PE,D,20180222,000000,3.75654,3.87781,3.75654,3.81717,0,0
STX,PE,D,20180223,000000,3.87781,3.87781,3.75654,3.87781,0,0
STX,PE,D,20180226,000000,3.87781,3.87781,3.81717,3.87781,0,0
STX,PE,D,20180227,000000,3.87781,3.93844,3.81717,3.87781,0,0
STX,PE,D,20180228,000000,3.81717,3.93844,3.81717,3.93844,0,0
STX,PE,D,20180301,000000,3.87781,3.99889,3.87781,3.99889,0,0
STX,PE,D,20180302,000000,3.99889,4.18071,3.81717,4.18071,0,0
STX,PE,D,20180305,000000,4.18071,4.18071,3.93844,3.93844,0,0
STX,PE,D,20180306,000000,3.93844,4.05953,3.93844,3.93844,0,0
STX,PE,D,20180307,000000,3.93844,3.93844,3.81717,3.93844,0,0
STX,PE,D,20180308,000000,3.93844,3.99889,3.93844,3.99889,0,0
STX,PE,D,20180309,000000,3.99889,3.99889,3.93844,3.99889,0,0
STX,PE,D,20180312,000000,3.99889,4.05953,3.93844,4.05953,0,0
STX,PE,D,20180313,000000,4.05953,4.05953,3.99889,3.99889,0,0
STX,PE,D,20180314,000000,3.99889,3.99889,3.93844,3.99889,0,0
STX,PE,D,20180315,000000,3.99889,3.99889,3.99889,3.99889,0,0
STX,PE,D,20180316,000000,3.99889,3.99889,3.99889,3.99889,0,0
STX,PE,D,20180319,000000,3.93844,3.99889,3.93844,3.93844,0,0
STX,PE,D,20180320,000000,3.93844,3.99889,3.93844,3.99889,0,0
STX,PE,D,20180321,000000,3.99889,3.99889,3.99889,3.99889,0,0
STX,PE,D,20180322,000000,3.99889,4.05953,3.99889,3.99889,0,0
STX,PE,D,20180323,000000,3.93844,3.99889,3.93844,3.93844,0,0
STX,PE,D,20180326,000000,3.93844,3.99889,3.93844,3.99889,0,0
STX,PE,D,20180327,000000,3.99889,3.99889,3.93844,3.93844,0,0
STX,PE,D,20180328,000000,3.99889,3.99889,3.93844,3.93844,0,0
STX,PE,D,20180329,000000,3.93844,3.93844,3.87781,3.87781,0,0
STX,PE,D,20180403,000000,3.87781,3.93844,3.87781,3.93844,0,0
STX,PE,D,20180404,000000,3.93844,3.93844,3.87781,3.87781,0,0
STX,PE,D,20180405,000000,3.87781,3.93844,3.87781,3.93844,0,0
STX,PE,D,20180406,000000,3.93844,3.99889,3.87781,3.99889,0,0
STX,PE,D,20180409,000000,4.05953,4.30189,4.05953,4.18071,0,0
STX,PE,D,20180410,000000,4.18071,4.18071,3.99889,4.05953,0,0
STX,PE,D,20180411,000000,4.12026,4.12026,4.05953,4.05953,0,0
STX,PE,D,20180412,000000,4.05953,4.12026,4.05953,4.05953,0,0
STX,PE,D,20180413,000000,4.12026,4.12026,4.05953,4.05953,0,0
STX,PE,D,20180416,000000,4.05953,4.05953,3.99889,3.99889,0,0
STX,PE,D,20180417,000000,4.04096,4.04096,3.97586,4.04096,0,0
STX,PE,D,20180418,000000,4.04096,4.10614,4.04096,4.10614,0,0
STX,PE,D,20180419,000000,4.10614,4.10614,4.10614,4.10614,0,0
STX,PE,D,20180420,000000,4.10614,4.10614,4.04096,4.10614,0,0
STX,PE,D,20180423,000000,4.10614,4.10614,4.10614,4.10614,0,0
STX,PE,D,20180424,000000,4.10614,4.10614,4.04096,4.10614,0,0
STX,PE,D,20180425,000000,4.10614,4.10614,4.10614,4.10614,0,0
STX,PE,D,20180426,000000,4.10614,4.10614,4.10614,4.10614,0,0
STX,PE,D,20180427,000000,4.17133,4.17133,4.10614,4.17133,0,0
STX,PE,D,20180430,000000,4.10614,4.17133,4.10614,4.10614,0,0
STX,PE,D,20180502,000000,4.10614,4.17133,4.10614,4.17133,0,0
STX,PE,D,20180504,000000,4.10614,4.17133,4.10614,4.10614,0,0
STX,PE,D,20180507,000000,4.10614,4.17133,4.10614,4.10614,0,0
STX,PE,D,20180508,000000,4.10614,4.17133,4.10614,4.17133,0,0
STX,PE,D,20180509,000000,4.17133,4.17133,4.10614,4.10614,0,0
STX,PE,D,20180510,000000,4.10614,4.23651,4.10614,4.23651,0,0
STX,PE,D,20180511,000000,4.23651,4.23651,4.23651,4.23651,0,0
STX,PE,D,20180514,000000,4.23651,4.3017,4.23651,4.3017,0,0
STX,PE,D,20180515,000000,4.3017,4.3017,4.3017,4.3017,0,0
STX,PE,D,20180516,000000,4.3017,4.3017,4.3017,4.3017,0,0
STX,PE,D,20180517,000000,4.3017,4.36689,4.3017,4.36689,0,0
STX,PE,D,20180518,000000,4.36689,4.36689,4.3017,4.3017,0,0
STX,PE,D,20180521,000000,4.3017,4.3017,4.3017,4.3017,0,0
STX,PE,D,20180522,000000,4.3017,4.3017,4.3017,4.3017,0,0
STX,PE,D,20180523,000000,4.3017,4.3017,4.3017,4.3017,0,0
STX,PE,D,20180524,000000,4.3017,4.3017,4.3017,4.3017,0,0
STX,PE,D,20180525,000000,4.3017,4.3017,4.23651,4.23651,0,0
STX,PE,D,20180528,000000,4.23651,4.23651,4.23651,4.23651,0,0
STX,PE,D,20180529,000000,4.23651,4.23651,4.23651,4.23651,0,0
STX,PE,D,20180530,000000,4.23651,4.23651,4.17133,4.17133,0,0
STX,PE,D,20180601,000000,4.17133,4.23651,4.10614,4.17133,0,0
STX,PE,D,20180604,000000,4.17133,4.17133,4.10614,4.10614,0,0
STX,PE,D,20180605,000000,3.91068,4.10614,3.91068,4.04096,0,0
STX,PE,D,20180606,000000,3.97586,4.04096,3.97586,4.04096,0,0
STX,PE,D,20180607,000000,4.10614,4.10614,4.04096,4.04096,0,0
STX,PE,D,20180608,000000,4.04096,4.10614,4.04096,4.04096,0,0
STX,PE,D,20180611,000000,4.04096,4.10614,4.04096,4.04096,0,0
STX,PE,D,20180612,000000,4.04096,4.04096,4.04096,4.04096,0,0
STX,PE,D,20180613,000000,4.04096,4.04096,4.04096,4.04096,0,0
STX,PE,D,20180614,000000,4.04096,4.04096,4.04096,4.04096,0,0
STX,PE,D,20180615,000000,4.10614,4.10614,4.04096,4.04096,0,0
STX,PE,D,20180618,000000,4.04096,4.04096,3.97586,3.97586,0,0
STX,PE,D,20180619,000000,3.91068,3.97586,3.91068,3.97586,0,0
STX,PE,D,20180620,000000,4.04096,4.04096,3.91068,3.91068,0,0
STX,PE,D,20180621,000000,3.91068,3.91068,3.84549,3.91068,0,0
STX,PE,D,20180622,000000,3.91068,3.91068,3.78031,3.78031,0,0
STX,PE,D,20180625,000000,3.78031,3.78031,3.51956,3.51956,0,0
STX,PE,D,20180626,000000,3.51956,3.51956,3.45447,3.45447,0,0
STX,PE,D,20180627,000000,3.45447,3.45447,3.25882,3.25882,0,0
STX,PE,D,20180628,000000,3.25882,3.3241,3.19373,3.19373,0,0
STX,PE,D,20180629,000000,3.19373,3.25882,3.19373,3.25882,0,0
STX,PE,D,20180702,000000,3.3241,3.65003,3.25882,3.65003,0,0
STX,PE,D,20180703,000000,3.71512,3.78031,3.65003,3.65003,0,0
STX,PE,D,20180704,000000,3.65003,3.78031,3.65003,3.78031,0,0
STX,PE,D,20180705,000000,3.78031,3.78031,3.78031,3.78031,0,0
STX,PE,D,20180706,000000,3.71512,3.78031,3.71512,3.71512,0,0
STX,PE,D,20180709,000000,3.71512,3.71512,3.71512,3.71512,0,0
STX,PE,D,20180710,000000,3.71512,3.71512,3.65003,3.65003,0,0
STX,PE,D,20180711,000000,3.65003,3.65003,3.65003,3.65003,0,0
STX,PE,D,20180712,000000,3.58475,3.65003,3.58475,3.65003,0,0
STX,PE,D,20180713,000000,3.65003,3.71512,3.65003,3.71512,0,0
STX,PE,D,20180716,000000,3.71512,3.71512,3.65003,3.65003,0,0
STX,PE,D,20180717,000000,3.65003,3.65003,3.65003,3.65003,0,0
STX,PE,D,20180718,000000,3.65003,3.71512,3.58475,3.65003,0,0
STX,PE,D,20180719,000000,3.65003,3.65003,3.45447,3.51956,0,0
STX,PE,D,20180720,000000,3.58475,3.65003,3.58475,3.58475,0,0
STX,PE,D,20180723,000000,3.58475,3.58475,3.58475,3.58475,0,0
STX,PE,D,20180724,000000,3.58475,3.58475,3.51956,3.58475,0,0
STX,PE,D,20180725,000000,3.58475,3.58475,3.51956,3.51956,0,0
STX,PE,D,20180726,000000,3.51956,3.58475,3.51956,3.58475,0,0
STX,PE,D,20180727,000000,3.58475,3.58475,3.58475,3.58475,0,0
STX,PE,D,20180730,000000,3.65003,3.65003,3.58475,3.65003,0,0
STX,PE,D,20180731,000000,3.65003,3.71512,3.65003,3.71512,0,0
STX,PE,D,20180801,000000,3.78031,3.78031,3.65003,3.65003,0,0
STX,PE,D,20180802,000000,3.65003,3.65003,3.58475,3.58475,0,0
STX,PE,D,20180803,000000,3.58475,3.91068,3.3241,3.3241,0,0
STX,PE,D,20180806,000000,3.38929,3.38929,3.19373,3.25882,0,0
STX,PE,D,20180807,000000,3.3241,3.3241,3.19373,3.19373,0,0
STX,PE,D,20180808,000000,3.19373,3.19373,3.19373,3.19373,0,0
STX,PE,D,20180809,000000,3.19373,3.25882,3.19373,3.19373,0,0
STX,PE,D,20180810,000000,3.25882,3.25882,3.19373,3.19373,0,0
STX,PE,D,20180813,000000,3.19373,3.19373,3.19373,3.19373,0,0
STX,PE,D,20180814,000000,3.19373,3.19373,3.19373,3.19373,0,0
STX,PE,D,20180816,000000,3.19373,3.25882,3.19373,3.19373,0,0
STX,PE,D,20180817,000000,3.19373,3.19373,3.19373,3.19373,0,0
STX,PE,D,20180820,000000,3.19373,3.19373,3.12854,3.19373,0,0
STX,PE,D,20180821,000000,3.19373,3.3241,3.19373,3.3241,0,0
STX,PE,D,20180822,000000,3.3241,3.3241,3.19373,3.19373,0,0
STX,PE,D,20180823,000000,3.12854,3.19373,3.12854,3.19373,0,0
STX,PE,D,20180824,000000,3.19373,3.19373,3.19373,3.19373,0,0
STX,PE,D,20180827,000000,3.25882,3.25882,3.19373,3.19373,0,0
STX,PE,D,20180828,000000,3.19373,3.19373,3.12854,3.19373,0,0
STX,PE,D,20180829,000000,3.25882,3.25882,3.19373,3.19373,0,0
STX,PE,D,20180830,000000,3.25882,3.25882,3.19373,3.19373,0,0
STX,PE,D,20180831,000000,3.19373,3.19373,3.12854,3.12854,0,0
STX,PE,D,20180903,000000,3.12854,3.12854,3.12854,3.12854,0,0
STX,PE,D,20180904,000000,3.12854,3.12854,3.06326,3.06326,0,0
STX,PE,D,20180905,000000,3.06326,3.06326,3.06326,3.06326,0,0
STX,PE,D,20180906,000000,3.06326,3.06326,2.93299,2.99817,0,0
STX,PE,D,20180907,000000,2.99817,2.99817,2.8678,2.93299,0,0
STX,PE,D,20180910,000000,2.93299,2.93299,2.8678,2.8678,0,0
STX,PE,D,20180911,000000,2.8678,2.8678,2.8678,2.8678,0,0
STX,PE,D,20180912,000000,2.93299,2.93299,2.8678,2.8678,0,0
STX,PE,D,20180913,000000,2.8678,2.93299,2.8678,2.93299,0,0
STX,PE,D,20180914,000000,2.93299,2.93299,2.8678,2.8678,0,0
STX,PE,D,20180917,000000,2.8678,2.93299,2.8678,2.93299,0,0
STX,PE,D,20180918,000000,2.93299,2.93299,2.8678,2.8678,0,0
STX,PE,D,20180919,000000,2.8678,2.93299,2.8678,2.93299,0,0
STX,PE,D,20180920,000000,2.93299,2.93299,2.8678,2.8678,0,0
STX,PE,D,20180921,000000,2.8678,2.8678,2.8678,2.8678,0,0
STX,PE,D,20180924,000000,2.8678,2.8678,2.8678,2.8678,0,0
STX,PE,D,20180925,000000,2.8678,2.8678,2.8678,2.8678,0,0
STX,PE,D,20180926,000000,2.8678,2.93299,2.8678,2.93299,0,0
STX,PE,D,20180927,000000,2.93299,2.93299,2.8678,2.8678,0,0
STX,PE,D,20180928,000000,2.8678,2.8678,2.8678,2.8678,0,0
STX,PE,D,20181001,000000,2.8678,2.8678,2.8678,2.8678,0,0
STX,PE,D,20181002,000000,2.8678,2.93299,2.8678,2.93299,0,0
STX,PE,D,20181003,000000,2.93299,3.06326,2.93299,2.99817,0,0
STX,PE,D,20181004,000000,2.99817,3.06326,2.99817,3.06326,0,0
STX,PE,D,20181005,000000,3.06326,3.12854,3.06326,3.06326,0,0
STX,PE,D,20181008,000000,3.06326,3.12854,3.06326,3.12854,0,0
STX,PE,D,20181009,000000,3.06326,3.12854,3.06326,3.06326,0,0
STX,PE,D,20181010,000000,3.06326,3.06326,3.06326,3.06326,0,0
STX,PE,D,20181011,000000,2.99817,3.06326,2.99817,3.06326,0,0
STX,PE,D,20181012,000000,3.06326,3.06326,2.99817,3.06326,0,0
STX,PE,D,20181015,000000,3.06326,3.06326,2.99817,2.99817,0,0
STX,PE,D,20181016,000000,3.06326,3.06326,2.99817,2.99817,0,0
STX,PE,D,20181017,000000,2.99817,3.06326,2.99817,2.99817,0,0
STX,PE,D,20181018,000000,2.99817,2.99817,2.99817,2.99817,0,0
STX,PE,D,20181019,000000,2.99817,2.99817,2.93299,2.99817,0,0
STX,PE,D,20181022,000000,3.06326,3.06326,2.99817,2.99817,0,0
STX,PE,D,20181023,000000,2.99817,3.06326,2.99817,3.06326,0,0
STX,PE,D,20181024,000000,3.12854,3.12854,3.06326,3.06326,0,0
STX,PE,D,20181025,000000,3.06326,3.12854,2.99817,3.12854,0,0
STX,PE,D,20181026,000000,3.12854,3.12854,3.06326,3.12854,0,0
STX,PE,D,20181029,000000,3.12854,3.12854,3.06326,3.12854,0,0
STX,PE,D,20181030,000000,3.12854,3.12854,3.06326,3.12854,0,0
STX,PE,D,20181031,000000,3.12854,3.12854,3.06326,3.06326,0,0
STX,PE,D,20181102,000000,3.06326,3.12854,3.06326,3.12854,0,0
STX,PE,D,20181105,000000,3.12854,3.12854,3.06326,3.12854,0,0
STX,PE,D,20181106,000000,3.12854,3.12854,3.12854,3.12854,0,0
STX,PE,D,20181107,000000,3.12854,3.19373,3.12854,3.12854,0,0
STX,PE,D,20181108,000000,3.12854,3.12854,3.12854,3.12854,0,0
STX,PE,D,20181109,000000,3.12854,3.12854,2.99817,2.99817,0,0
STX,PE,D,20181113,000000,3.06326,3.06326,2.99817,2.99817,0,0
STX,PE,D,20181114,000000,2.99817,3.06326,2.99817,2.99817,0,0
STX,PE,D,20181115,000000,2.99817,2.99817,2.93299,2.99817,0,0
STX,PE,D,20181116,000000,2.99817,2.99817,2.99817,2.99817,0,0
STX,PE,D,20181119,000000,2.99817,2.99817,2.99817,2.99817,0,0
STX,PE,D,20181120,000000,2.99817,2.99817,2.99817,2.99817,0,0
STX,PE,D,20181121,000000,2.99817,2.99817,2.93299,2.99817,0,0
STX,PE,D,20181122,000000,2.99817,2.99817,2.93299,2.93299,0,0
STX,PE,D,20181123,000000,2.93299,2.99817,2.93299,2.99817,0,0
STX,PE,D,20181126,000000,2.99817,3.06326,2.99817,2.99817,0,0
STX,PE,D,20181127,000000,2.99817,2.99817,2.99817,2.99817,0,0
STX,PE,D,20181128,000000,2.99817,2.99817,2.99817,2.99817,0,0
STX,PE,D,20181129,000000,2.99817,2.99817,2.99817,2.99817,0,0
STX,PE,D,20181130,000000,2.99817,3.06326,2.99817,2.99817,0,0
STX,PE,D,20181203,000000,2.99817,3.06326,2.99817,3.06326,0,0
STX,PE,D,20181204,000000,3.06326,3.06326,2.99817,2.99817,0,0
STX,PE,D,20181205,000000,2.93299,2.99817,2.93299,2.99817,0,0
STX,PE,D,20181206,000000,2.99817,3.06326,2.93299,3.06326,0,0
STX,PE,D,20181207,000000,3.06326,3.06326,2.99817,2.99817,0,0
STX,PE,D,20181210,000000,2.99817,2.99817,2.99817,2.99817,0,0
STX,PE,D,20181211,000000,2.99817,3.06326,2.99817,3.06326,0,0
STX,PE,D,20181212,000000,3.06326,3.06326,2.99817,2.99817,0,0
STX,PE,D,20181213,000000,2.99817,2.99817,2.99817,2.99817,0,0
STX,PE,D,20181214,000000,2.99817,2.99817,2.99817,2.99817,0,0
STX,PE,D,20181217,000000,2.99817,2.99817,2.93299,2.93299,0,0
STX,PE,D,20181218,000000,2.93299,2.99817,2.93299,2.93299,0,0
STX,PE,D,20181219,000000,2.93299,2.99817,2.93299,2.99817,0,0
STX,PE,D,20181220,000000,2.99817,2.99817,2.93299,2.99817,0,0
STX,PE,D,20181221,000000,2.93299,2.99817,2.93299,2.99817,0,0
STX,PE,D,20181227,000000,2.99817,3.06326,2.99817,2.99817,0,0
STX,PE,D,20181228,000000,2.99817,2.99817,2.93299,2.93299,0,0
STX,PE,D,20190102,000000,2.93299,2.99817,2.93299,2.99817,0,0
STX,PE,D,20190103,000000,2.99817,3.06326,2.99817,3.06326,0,0
STX,PE,D,20190104,000000,3.06326,3.12854,3.06326,3.06326,0,0
STX,PE,D,20190107,000000,3.06326,3.19373,3.06326,3.19373,0,0
STX,PE,D,20190108,000000,3.19373,3.38929,3.19373,3.3241,0,0
STX,PE,D,20190109,000000,3.38929,3.38929,3.3241,3.3241,0,0
STX,PE,D,20190110,000000,3.3241,3.3241,3.25882,3.3241,0,0
STX,PE,D,20190111,000000,3.3241,3.38929,3.3241,3.3241,0,0
STX,PE,D,20190114,000000,3.3241,3.3241,3.25882,3.3241,0,0
STX,PE,D,20190115,000000,3.3241,3.3241,3.3241,3.3241,0,0
STX,PE,D,20190116,000000,3.3241,3.3241,3.3241,3.3241,0,0
STX,PE,D,20190117,000000,3.3241,3.3241,3.3241,3.3241,0,0
STX,PE,D,20190118,000000,3.3241,3.3241,3.3241,3.3241,0,0
STX,PE,D,20190121,000000,3.3241,3.3241,3.3241,3.3241,0,0
STX,PE,D,20190122,000000,3.3241,3.3241,3.25882,3.25882,0,0
STX,PE,D,20190123,000000,3.25882,3.3241,3.25882,3.3241,0,0
STX,PE,D,20190124,000000,3.3241,3.38929,3.3241,3.3241,0,0
STX,PE,D,20190125,000000,3.3241,3.45447,3.3241,3.38929,0,0
STX,PE,D,20190128,000000,3.45447,3.45447,3.38929,3.38929,0,0
STX,PE,D,20190129,000000,3.38929,3.51956,3.38929,3.51956,0,0
STX,PE,D,20190130,000000,3.51956,3.58475,3.51956,3.58475,0,0
STX,PE,D,20190131,000000,3.58475,3.65003,3.58475,3.65003,0,0
STX,PE,D,20190201,000000,3.58475,3.65003,3.58475,3.58475,0,0
STX,PE,D,20190204,000000,3.58475,3.65003,3.51956,3.65003,0,0
STX,PE,D,20190205,000000,3.58475,3.58475,3.45447,3.45447,0,0
STX,PE,D,20190206,000000,3.45447,3.65003,3.45447,3.65003,0,0
STX,PE,D,20190207,000000,3.65003,3.65003,3.65003,3.65003,0,0
STX,PE,D,20190208,000000,3.58475,3.58475,3.58475,3.58475,0,0
STX,PE,D,20190211,000000,3.51956,3.58475,3.51956,3.58475,0,0
STX,PE,D,20190212,000000,3.58475,3.65003,3.58475,3.58475,0,0
STX,PE,D,20190213,000000,3.58475,3.58475,3.51956,3.51956,0,0
STX,PE,D,20190214,000000,3.58475,3.65003,3.58475,3.65003,0,0
STX,PE,D,20190215,000000,3.65003,3.71512,3.65003,3.71512,0,0
STX,PE,D,20190218,000000,3.71512,3.78031,3.65003,3.65003,0,0
STX,PE,D,20190219,000000,3.65003,3.71512,3.65003,3.65003,0,0
STX,PE,D,20190220,000000,3.65003,3.71512,3.65003,3.71512,0,0
STX,PE,D,20190221,000000,3.71512,3.71512,3.71512,3.71512,0,0
STX,PE,D,20190222,000000,3.71512,3.78031,3.71512,3.78031,0,0
STX,PE,D,20190225,000000,3.78031,3.78031,3.71512,3.71512,0,0
STX,PE,D,20190226,000000,3.78031,3.78031,3.65003,3.65003,0,0
STX,PE,D,20190227,000000,3.65003,3.65003,3.58475,3.65003,0,0
STX,PE,D,20190228,000000,3.65003,3.65003,3.65003,3.65003,0,0
STX,PE,D,20190301,000000,3.65003,3.65003,3.51956,3.51956,0,0
STX,PE,D,20190304,000000,3.51956,3.51956,3.45447,3.51956,0,0
STX,PE,D,20190305,000000,3.51956,3.51956,3.51956,3.51956,0,0
STX,PE,D,20190306,000000,3.51956,3.51956,3.51956,3.51956,0,0
STX,PE,D,20190307,000000,3.51956,3.51956,3.51956,3.51956,0,0
STX,PE,D,20190308,000000,3.51956,3.58475,3.51956,3.51956,0,0
STX,PE,D,20190311,000000,3.51956,3.65003,3.51956,3.58475,0,0
STX,PE,D,20190312,000000,3.51956,3.65003,3.51956,3.58475,0,0
STX,PE,D,20190313,000000,3.58475,3.58475,3.58475,3.58475,0,0
STX,PE,D,20190314,000000,3.58475,3.58475,3.51956,3.58475,0,0
STX,PE,D,20190315,000000,3.58475,3.65003,3.58475,3.65003,0,0
STX,PE,D,20190318,000000,3.65003,3.71512,3.58475,3.58475,0,0
STX,PE,D,20190319,000000,3.58475,3.58475,3.51956,3.58475,0,0
STX,PE,D,20190320,000000,3.58475,3.58475,3.58475,3.58475,0,0
STX,PE,D,20190321,000000,3.58475,3.58475,3.58475,3.58475,0,0
STX,PE,D,20190322,000000,3.58475,3.58475,3.51956,3.51956,0,0
STX,PE,D,20190325,000000,3.51956,3.51956,3.51956,3.51956,0,0
STX,PE,D,20190326,000000,3.58475,3.58475,3.51956,3.51956,0,0
STX,PE,D,20190327,000000,3.58475,3.58475,3.51956,3.51956,0,0
STX,PE,D,20190328,000000,3.58475,3.58475,3.51956,3.51956,0,0
STX,PE,D,20190329,000000,3.51956,3.58475,3.51956,3.58475,0,0
STX,PE,D,20190401,000000,3.58475,3.65003,3.58475,3.65003,0,0
STX,PE,D,20190402,000000,3.65003,3.65003,3.65003,3.65003,0,0
STX,PE,D,20190403,000000,3.65003,3.65003,3.65003,3.65003,0,0
STX,PE,D,20190404,000000,3.65003,3.65003,3.58475,3.58475,0,0
STX,PE,D,20190405,000000,3.58475,3.65003,3.58475,3.58475,0,0
STX,PE,D,20190408,000000,3.58475,3.58475,3.58475,3.58475,0,0
STX,PE,D,20190409,000000,3.65003,3.65003,3.58475,3.58475,0,0
STX,PE,D,20190410,000000,3.58475,3.58475,3.58475,3.58475,0,0
STX,PE,D,20190411,000000,3.58475,3.58475,3.58475,3.58475,0,0
STX,PE,D,20190412,000000,3.58475,3.58475,3.51956,3.58475,0,0
STX,PE,D,20190415,000000,3.58475,3.65003,3.58475,3.58475,0,0
STX,PE,D,20190416,000000,3.58475,3.58475,3.58475,3.58475,0,0
STX,PE,D,20190417,000000,3.58707,3.58707,3.58707,3.58707,0,0
STX,PE,D,20190418,000000,3.58707,3.58707,3.5152,3.58707,0,0
STX,PE,D,20190423,000000,3.58707,3.58707,3.44342,3.44342,0,0
STX,PE,D,20190424,000000,3.44342,3.5152,3.44342,3.44342,0,0
STX,PE,D,20190425,000000,3.44342,3.5152,3.44342,3.5152,0,0
STX,PE,D,20190426,000000,3.5152,3.5152,3.44342,3.44342,0,0
STX,PE,D,20190429,000000,3.44342,3.44342,3.44342,3.44342,0,0
STX,PE,D,20190430,000000,3.44342,3.44342,3.37174,3.44342,0,0
STX,PE,D,20190502,000000,3.44342,3.44342,3.37174,3.37174,0,0
STX,PE,D,20190506,000000,3.37174,3.37174,3.37174,3.37174,0,0
STX,PE,D,20190507,000000,3.37174,3.44342,3.37174,3.37174,0,0
STX,PE,D,20190508,000000,3.37174,3.37174,3.37174,3.37174,0,0
STX,PE,D,20190509,000000,3.37174,3.37174,3.37174,3.37174,0,0
STX,PE,D,20190510,000000,3.37174,3.37174,3.22827,3.37174,0,0
STX,PE,D,20190513,000000,3.30005,3.73044,3.15649,3.73044,0,0
STX,PE,D,20190514,000000,3.73044,3.874,3.73044,3.80222,0,0
STX,PE,D,20190515,000000,3.80222,3.80222,3.80222,3.80222,0,0
STX,PE,D,20190516,000000,3.80222,3.874,3.80222,3.874,0,0
STX,PE,D,20190517,000000,3.874,4.01737,3.874,4.01737,0,0
STX,PE,D,20190520,000000,4.08915,4.08915,4.01737,4.01737,0,0
STX,PE,D,20190521,000000,4.01737,4.01737,4.01737,4.01737,0,0
STX,PE,D,20190522,000000,3.94569,4.01737,3.94569,4.01737,0,0
STX,PE,D,20190523,000000,4.01737,4.01737,3.94569,3.94569,0,0
STX,PE,D,20190524,000000,3.94569,3.94569,3.874,3.94569,0,0
STX,PE,D,20190527,000000,4.01737,4.01737,3.94569,3.94569,0,0
STX,PE,D,20190528,000000,4.01737,4.01737,3.874,3.94569,0,0
STX,PE,D,20190529,000000,3.874,3.874,3.80222,3.80222,0,0
STX,PE,D,20190530,000000,3.874,3.874,3.73044,3.80222,0,0
STX,PE,D,20190531,000000,3.80222,3.80222,3.73044,3.73044,0,0
STX,PE,D,20190603,000000,3.73044,3.73044,3.65876,3.65876,0,0
STX,PE,D,20190604,000000,3.65876,3.80222,3.65876,3.80222,0,0
STX,PE,D,20190605,000000,3.80222,4.01737,3.80222,4.01737,0,0
STX,PE,D,20190606,000000,4.01737,4.08915,4.01737,4.01737,0,0
STX,PE,D,20190607,000000,4.01737,4.01737,3.94569,3.94569,0,0
STX,PE,D,20190610,000000,4.01737,4.01737,3.94569,3.94569,0,0
STX,PE,D,20190611,000000,3.94569,4.08915,3.94569,4.08915,0,0
STX,PE,D,20190612,000000,4.08915,4.08915,4.01737,4.08915,0,0
STX,PE,D,20190613,000000,4.01737,4.08915,4.01737,4.01737,0,0
STX,PE,D,20190614,000000,4.08915,4.08915,4.08915,4.08915,0,0
STX,PE,D,20190617,000000,4.08915,4.08915,4.08915,4.08915,0,0
STX,PE,D,20190618,000000,4.08915,4.08915,4.08915,4.08915,0,0
STX,PE,D,20190619,000000,4.08915,4.08915,3.94569,3.94569,0,0
STX,PE,D,20190621,000000,4.01737,4.01737,3.94569,3.94569,0,0
STX,PE,D,20190624,000000,3.94569,3.94569,3.874,3.874,0,0
STX,PE,D,20190625,000000,3.874,3.94569,3.874,3.874,0,0
STX,PE,D,20190626,000000,3.94569,4.08915,3.94569,4.08915,0,0
STX,PE,D,20190627,000000,4.08915,4.16093,4.08915,4.08915,0,0
STX,PE,D,20190628,000000,4.08915,4.08915,4.08915,4.08915,0,0
STX,PE,D,20190701,000000,4.08915,4.16093,4.08915,4.16093,0,0
STX,PE,D,20190702,000000,4.16093,4.16093,4.08915,4.08915,0,0
STX,PE,D,20190703,000000,4.08915,4.08915,4.01737,4.08915,0,0
STX,PE,D,20190704,000000,4.08915,4.08915,3.94569,3.94569,0,0
STX,PE,D,20190705,000000,3.94569,3.94569,3.874,3.874,0,0
STX,PE,D,20190708,000000,3.874,3.874,3.80222,3.874,0,0
STX,PE,D,20190709,000000,3.94569,3.94569,3.874,3.874,0,0
STX,PE,D,20190710,000000,3.94569,3.94569,3.874,3.874,0,0
STX,PE,D,20190711,000000,3.874,3.94569,3.874,3.94569,0,0
STX,PE,D,20190712,000000,3.94569,3.94569,3.874,3.94569,0,0
STX,PE,D,20190715,000000,3.94569,4.01737,3.94569,4.01737,0,0
STX,PE,D,20190716,000000,4.01737,4.23261,4.01737,4.16093,0,0
STX,PE,D,20190717,000000,4.16093,4.16093,4.08915,4.08915,0,0
STX,PE,D,20190718,000000,4.08915,4.08915,3.94569,4.01737,0,0
STX,PE,D,20190719,000000,4.01737,4.01737,3.94569,4.01737,0,0
STX,PE,D,20190722,000000,4.01737,4.01737,3.94569,4.01737,0,0
STX,PE,D,20190723,000000,4.01737,4.01737,3.94569,3.94569,0,0
STX,PE,D,20190724,000000,3.94569,4.08915,3.94569,4.08915,0,0
STX,PE,D,20190725,000000,4.08915,4.16093,4.08915,4.08915,0,0
STX,PE,D,20190726,000000,4.01737,4.08915,3.94569,4.01737,0,0
STX,PE,D,20190729,000000,4.08915,4.08915,3.94569,4.08915,0,0
STX,PE,D,20190730,000000,4.01737,4.08915,4.01737,4.08915,0,0
STX,PE,D,20190731,000000,4.08915,4.08915,4.01737,4.08915,0,0
STX,PE,D,20190801,000000,4.08915,4.08915,4.01737,4.01737,0,0
STX,PE,D,20190802,000000,3.94569,4.80656,3.94569,4.80656,0,0
STX,PE,D,20190805,000000,4.73479,4.80656,4.66301,4.73479,0,0
STX,PE,D,20190806,000000,4.73479,4.80656,4.66301,4.66301,0,0
STX,PE,D,20190807,000000,4.73479,4.73479,4.66301,4.73479,0,0
STX,PE,D,20190808,000000,4.73479,4.73479,4.73479,4.73479,0,0
STX,PE,D,20190809,000000,4.73479,4.73479,4.66301,4.66301,0,0
STX,PE,D,20190812,000000,4.80656,4.80656,4.66301,4.73479,0,0
STX,PE,D,20190813,000000,4.73479,4.80656,4.66301,4.66301,0,0
STX,PE,D,20190814,000000,4.95003,4.95003,4.66301,4.80656,0,0
STX,PE,D,20190816,000000,4.80656,4.80656,4.73479,4.73479,0,0
STX,PE,D,20190819,000000,4.73479,4.73479,4.66301,4.73479,0,0
STX,PE,D,20190820,000000,4.66301,4.73479,4.66301,4.66301,0,0
STX,PE,D,20190821,000000,4.66301,4.66301,4.66301,4.66301,0,0
STX,PE,D,20190822,000000,4.66301,4.73479,4.66301,4.66301,0,0
STX,PE,D,20190823,000000,4.66301,4.66301,4.66301,4.66301,0,0
STX,PE,D,20190826,000000,4.66301,4.66301,4.59132,4.59132,0,0
STX,PE,D,20190827,000000,4.59132,4.66301,4.59132,4.59132,0,0
STX,PE,D,20190828,000000,4.66301,4.66301,4.59132,4.59132,0,0
STX,PE,D,20190829,000000,4.59132,4.59132,4.59132,4.59132,0,0
STX,PE,D,20190830,000000,4.59132,4.59132,4.59132,4.59132,0,0
STX,PE,D,20190902,000000,4.59132,4.59132,4.59132,4.59132,0,0
STX,PE,D,20190903,000000,4.59132,4.59132,4.51954,4.59132,0,0
STX,PE,D,20190904,000000,4.51954,4.59132,4.51954,4.59132,0,0
STX,PE,D,20190905,000000,4.59132,4.59132,4.59132,4.59132,0,0
STX,PE,D,20190906,000000,4.59132,4.59132,4.59132,4.59132,0,0
STX,PE,D,20190909,000000,4.59132,4.59132,4.59132,4.59132,0,0
STX,PE,D,20190910,000000,4.59132,4.59132,4.44786,4.59132,0,0
STX,PE,D,20190911,000000,4.59132,4.59132,4.51954,4.59132,0,0
STX,PE,D,20190912,000000,4.59132,4.59132,4.51954,4.59132,0,0
STX,PE,D,20190913,000000,4.59132,4.59132,4.59132,4.59132,0,0
STX,PE,D,20190916,000000,4.59132,4.59132,4.51954,4.59132,0,0
STX,PE,D,20190917,000000,4.59132,4.59132,4.59132,4.59132,0,0
STX,PE,D,20190918,000000,4.59132,4.59132,4.59132,4.59132,0,0
STX,PE,D,20190919,000000,4.59132,4.59132,4.59132,4.59132,0,0
STX,PE,D,20190920,000000,4.59132,4.59132,4.59132,4.59132,0,0
STX,PE,D,20190923,000000,4.59132,4.59132,4.51954,4.59132,0,0
STX,PE,D,20190924,000000,4.59132,4.59132,4.51954,4.59132,0,0
STX,PE,D,20190925,000000,4.59132,4.59132,4.59132,4.59132,0,0
STX,PE,D,20190926,000000,4.51954,4.59132,4.51954,4.59132,0,0
STX,PE,D,20190927,000000,4.59132,4.59132,4.59132,4.59132,0,0
STX,PE,D,20190930,000000,4.59132,4.66301,4.59132,4.59132,0,0
STX,PE,D,20191001,000000,4.59132,4.59132,4.51954,4.59132,0,0
STX,PE,D,20191002,000000,4.59132,4.59132,4.59132,4.59132,0,0
STX,PE,D,20191003,000000,4.59132,4.59132,4.59132,4.59132,0,0
STX,PE,D,20191004,000000,4.59132,4.59132,4.59132,4.59132,0,0
STX,PE,D,20191007,000000,4.59132,4.59132,4.59132,4.59132,0,0
STX,PE,D,20191008,000000,4.59132,4.59132,4.59132,4.59132,0,0
STX,PE,D,20191009,000000,4.59132,4.59132,4.59132,4.59132,0,0
STX,PE,D,20191010,000000,4.59132,4.59132,4.59132,4.59132,0,0
STX,PE,D,20191011,000000,4.59132,4.59132,4.59132,4.59132,0,0
STX,PE,D,20191014,000000,4.59132,4.59132,4.59132,4.59132,0,0
STX,PE,D,20191015,000000,4.59132,4.59132,4.59132,4.59132,0,0
STX,PE,D,20191016,000000,4.59132,4.59132,4.59132,4.59132,0,0
STX,PE,D,20191017,000000,4.59132,4.59132,4.59132,4.59132,0,0
STX,PE,D,20191018,000000,4.59132,4.59132,4.59132,4.59132,0,0
STX,PE,D,20191021,000000,4.59132,4.59132,4.59132,4.59132,0,0
STX,PE,D,20191022,000000,4.59132,4.59132,4.59132,4.59132,0,0
STX,PE,D,20191023,000000,4.59132,4.59132,4.59132,4.59132,0,0
STX,PE,D,20191024,000000,4.59132,4.59132,4.59132,4.59132,0,0
STX,PE,D,20191025,000000,4.59132,4.59132,4.37608,4.37608,0,0
STX,PE,D,20191028,000000,4.37608,4.37608,4.37608,4.37608,0,0
STX,PE,D,20191029,000000,4.37608,4.44786,4.30439,4.30439,0,0
STX,PE,D,20191030,000000,4.30439,4.37608,4.30439,4.30439,0,0
STX,PE,D,20191031,000000,4.30439,4.37608,4.30439,4.37608,0,0
STX,PE,D,20191104,000000,4.37608,4.44786,4.37608,4.37608,0,0
STX,PE,D,20191105,000000,4.37608,4.37608,4.30439,4.37608,0,0
STX,PE,D,20191106,000000,4.37608,4.59132,4.37608,4.59132,0,0
STX,PE,D,20191107,000000,4.59132,4.59132,4.51954,4.51954,0,0
STX,PE,D,20191108,000000,4.51954,6.88703,4.44786,6.88703,0,0
STX,PE,D,20191112,000000,7.03059,7.03059,6.67179,6.88703,0,0
STX,PE,D,20191113,000000,6.81525,6.88703,6.74356,6.81525,0,0
STX,PE,D,20191114,000000,6.81525,6.88703,6.81525,6.88703,0,0
STX,PE,D,20191115,000000,6.88703,6.88703,6.81525,6.81525,0,0
STX,PE,D,20191118,000000,6.81525,6.88703,6.74356,6.88703,0,0
STX,PE,D,20191119,000000,6.88703,6.88703,6.81525,6.81525,0,0
STX,PE,D,20191120,000000,6.81525,6.88703,6.81525,6.88703,0,0
STX,PE,D,20191121,000000,6.81525,6.81525,6.81525,6.81525,0,0
STX,PE,D,20191122,000000,6.81525,6.81525,6.67179,6.74356,0,0
STX,PE,D,20191125,000000,6.88703,6.88703,6.81525,6.81525,0,0
STX,PE,D,20191126,000000,6.81525,6.95909,6.81525,6.95909,0,0
STX,PE,D,20191127,000000,6.95909,6.95909,6.74356,6.81525,0,0
STX,PE,D,20191128,000000,6.81525,6.81525,6.6001,6.67179,0,0
STX,PE,D,20191129,000000,6.67179,6.95909,6.67179,6.95909,0,0
STX,PE,D,20191202,000000,6.95909,6.95909,6.74356,6.74356,0,0
STX,PE,D,20191203,000000,6.67179,6.81525,6.67179,6.74356,0,0
STX,PE,D,20191204,000000,6.74356,6.74356,6.67179,6.67179,0,0
STX,PE,D,20191205,000000,6.67179,6.74356,6.67179,6.67179,0,0
STX,PE,D,20191206,000000,6.67179,6.74356,6.67179,6.67179,0,0
STX,PE,D,20191209,000000,6.67179,6.74356,6.6001,6.6001,0,0
STX,PE,D,20191210,000000,6.6001,6.67179,6.52841,6.6001,0,0
STX,PE,D,20191211,000000,6.6001,6.6001,6.45654,6.52841,0,0
STX,PE,D,20191212,000000,6.52841,6.6001,6.52841,6.6001,0,0
STX,PE,D,20191213,000000,6.67179,6.67179,6.6001,6.6001,0,0
STX,PE,D,20191216,000000,6.52841,6.6001,6.52841,6.6001,0,0
STX,PE,D,20191217,000000,6.6001,6.6001,6.6001,6.6001,0,0
STX,PE,D,20191218,000000,6.6001,6.6001,6.6001,6.6001,0,0
STX,PE,D,20191219,000000,6.52841,6.81525,6.52841,6.6001,0,0
STX,PE,D,20191220,000000,6.6001,6.67179,6.52841,6.52841,0,0
STX,PE,D,20191223,000000,6.52841,6.52841,6.45654,6.52841,0,0
STX,PE,D,20191227,000000,6.6001,6.74356,6.6001,6.67179,0,0
STX,PE,D,20191230,000000,6.67179,6.67179,6.52841,6.52841,0,0
STX,PE,D,20200102,000000,6.6001,6.67179,6.6001,6.67179,0,0
STX,PE,D,20200103,000000,6.67179,6.67179,6.6001,6.67179,0,0
STX,PE,D,20200107,000000,6.6001,6.81525,6.6001,6.67179,0,0
STX,PE,D,20200108,000000,6.81525,6.81525,6.67179,6.67179,0,0
STX,PE,D,20200109,000000,6.67179,6.67179,6.38486,6.38486,0,0
STX,PE,D,20200110,000000,6.6001,6.6001,6.52841,6.6001,0,0
STX,PE,D,20200113,000000,6.6001,6.6001,6.38486,6.45654,0,0
STX,PE,D,20200114,000000,6.52841,6.6001,6.45654,6.52841,0,0
STX,PE,D,20200115,000000,6.52841,6.52841,6.45654,6.52841,0,0
STX,PE,D,20200116,000000,6.52841,6.52841,6.45654,6.52841,0,0
STX,PE,D,20200117,000000,6.52841,6.52841,6.45654,6.52841,0,0
STX,PE,D,20200120,000000,6.52841,6.67179,6.52841,6.6001,0,0
STX,PE,D,20200121,000000,6.6001,6.67179,6.52841,6.67179,0,0
STX,PE,D,20200122,000000,6.67179,6.67179,6.31308,6.52841,0,0
STX,PE,D,20200123,000000,6.52841,6.6001,6.45654,6.45654,0,0
STX,PE,D,20200124,000000,6.45654,6.45654,6.45654,6.45654,0,0
STX,PE,D,20200127,000000,6.52841,6.52841,6.38486,6.45654,0,0
STX,PE,D,20200128,000000,6.45654,6.52841,6.31308,6.38486,0,0
STX,PE,D,20200129,000000,6.45654,6.45654,6.31308,6.45654,0,0
STX,PE,D,20200130,000000,6.38486,6.45654,6.31308,6.45654,0,0
STX,PE,D,20200131,000000,6.45654,6.45654,6.38486,6.38486,0,0
STX,PE,D,20200203,000000,6.31308,6.45654,6.31308,6.45654,0,0
STX,PE,D,20200204,000000,6.45654,6.45654,6.38486,6.45654,0,0
STX,PE,D,20200205,000000,6.45654,6.45654,6.38486,6.45654,0,0
STX,PE,D,20200206,000000,6.45654,6.52841,6.45654,6.45654,0,0
STX,PE,D,20200207,000000,6.52841,6.52841,6.45654,6.45654,0,0
STX,PE,D,20200210,000000,6.45654,6.52841,6.45654,6.45654,0,0
STX,PE,D,20200211,000000,6.52841,6.52841,6.45654,6.45654,0,0
STX,PE,D,20200212,000000,6.38486,6.45654,6.38486,6.45654,0,0
STX,PE,D,20200213,000000,6.45654,6.67179,6.45654,6.6001,0,0
STX,PE,D,20200214,000000,6.6001,6.88703,6.6001,6.88703,0,0
STX,PE,D,20200217,000000,6.95909,6.95909,6.81525,6.88703,0,0
STX,PE,D,20200218,000000,6.88703,6.95909,6.88703,6.95909,0,0
STX,PE,D,20200219,000000,6.88703,6.95909,6.88703,6.95909,0,0
STX,PE,D,20200220,000000,6.95909,6.95909,6.88703,6.95909,0,0
STX,PE,D,20200221,000000,6.95909,7.03059,6.81525,7.03059,0,0
STX,PE,D,20200224,000000,6.6001,6.74356,6.45654,6.67179,0,0
STX,PE,D,20200225,000000,6.67179,6.67179,6.45654,6.52841,0,0
STX,PE,D,20200226,000000,6.38486,6.52841,6.38486,6.52841,0,0
STX,PE,D,20200227,000000,6.45654,6.45654,6.24139,6.45654,0,0
STX,PE,D,20200228,000000,6.24139,6.45654,6.09784,6.45654,0,0
STX,PE,D,20200302,000000,6.38486,6.81525,6.24139,6.81525,0,0
STX,PE,D,20200303,000000,6.74356,6.95909,6.74356,6.81525,0,0
STX,PE,D,20200304,000000,6.74356,6.95909,6.74356,6.88703,0,0
STX,PE,D,20200305,000000,6.81525,6.88703,6.67179,6.67179,0,0
STX,PE,D,20200306,000000,6.67179,6.74356,6.45654,6.6001,0,0
STX,PE,D,20200309,000000,6.52841,6.52841,6.24139,6.31308,0,0
STX,PE,D,20200310,000000,6.24139,6.31308,6.09784,6.09784,0,0
STX,PE,D,20200311,000000,6.24139,6.24139,5.59566,5.88259,0,0
STX,PE,D,20200312,000000,5.66744,5.66744,5.02181,5.02181,0,0
STX,PE,D,20200313,000000,5.09359,5.52398,5.02181,5.16527,0,0
STX,PE,D,20200316,000000,5.16527,5.38051,5.09359,5.23696,0,0
STX,PE,D,20200317,000000,5.23696,5.66744,5.23696,5.66744,0,0
STX,PE,D,20200318,000000,5.88259,5.88259,5.52398,5.73913,0,0
STX,PE,D,20200319,000000,5.73913,5.88259,5.66744,5.88259,0,0
STX,PE,D,20200320,000000,5.88259,6.09784,5.81091,5.81091,0,0
STX,PE,D,20200323,000000,5.95437,5.95437,5.4522,5.66744,0,0
STX,PE,D,20200324,000000,5.73913,5.73913,5.59566,5.59566,0,0
STX,PE,D,20200325,000000,5.73913,5.73913,5.59566,5.59566,0,0
STX,PE,D,20200326,000000,5.73913,5.81091,5.59566,5.81091,0,0
STX,PE,D,20200327,000000,5.73913,5.88259,5.66744,5.88259,0,0
STX,PE,D,20200330,000000,5.88259,5.88259,5.66744,5.66744,0,0
STX,PE,D,20200331,000000,5.81091,5.81091,5.59566,5.81091,0,0
STX,PE,D,20200401,000000,5.81091,5.81091,5.59566,5.73913,0,0
STX,PE,D,20200402,000000,5.73913,5.73913,5.66744,5.73913,0,0
STX,PE,D,20200403,000000,5.73913,5.73913,5.59566,5.73913,0,0
STX,PE,D,20200406,000000,5.73913,5.88259,5.59566,5.66744,0,0
STX,PE,D,20200407,000000,5.66744,5.88259,5.66744,5.73913,0,0
STX,PE,D,20200408,000000,5.73913,5.88259,5.66744,5.81091,0,0
STX,PE,D,20200409,000000,5.88259,5.95437,5.73913,5.95437,0,0
STX,PE,D,20200414,000000,5.95437,6.16952,5.95437,6.09784,0,0
STX,PE,D,20200415,000000,6.16952,6.16952,6.02615,6.16952,0,0
STX,PE,D,20200416,000000,6.31308,6.6001,6.31308,6.31308,0,0
STX,PE,D,20200417,000000,6.45654,6.45654,6.38486,6.45654,0,0
STX,PE,D,20200420,000000,6.45654,6.6001,6.45654,6.6001,0,0
STX,PE,D,20200421,000000,6.74356,6.74356,6.45654,6.45654,0,0
STX,PE,D,20200422,000000,6.31308,6.45654,6.31308,6.38486,0,0
STX,PE,D,20200423,000000,6.52841,6.74356,6.38486,6.6001,0,0
STX,PE,D,20200424,000000,6.74356,6.74356,6.52841,6.6001,0,0
STX,PE,D,20200427,000000,6.45654,6.6001,6.45654,6.6001,0,0
STX,PE,D,20200428,000000,6.6001,6.6001,6.45654,6.6001,0,0
STX,PE,D,20200429,000000,6.45654,6.81525,6.38486,6.67179,0,0
STX,PE,D,20200430,000000,6.6001,6.81525,6.52841,6.81525,0,0
STX,PE,D,20200504,000000,6.6001,6.81525,6.6001,6.67179,0,0
STX,PE,D,20200505,000000,6.74356,6.74356,6.52841,6.6001,0,0
STX,PE,D,20200506,000000,6.74356,6.74356,6.67179,6.67179,0,0
STX,PE,D,20200507,000000,6.67179,6.67179,6.52841,6.6001,0,0
STX,PE,D,20200508,000000,6.6001,6.88703,6.6001,6.67179,0,0
STX,PE,D,20200511,000000,6.67179,6.74356,6.31308,6.38486,0,0
STX,PE,D,20200512,000000,6.38486,6.74356,6.38486,6.67179,0,0
STX,PE,D,20200513,000000,6.67179,6.74356,6.52841,6.6001,0,0
STX,PE,D,20200514,000000,6.6001,6.74356,6.6001,6.6001,0,0
STX,PE,D,20200515,000000,6.6001,6.6001,6.52841,6.6001,0,0
STX,PE,D,20200518,000000,6.6001,6.67179,6.52841,6.6001,0,0
STX,PE,D,20200519,000000,6.6001,6.6001,6.52841,6.6001,0,0
STX,PE,D,20200520,000000,6.52841,6.81525,6.52841,6.67179,0,0
STX,PE,D,20200521,000000,6.67179,6.74356,6.67179,6.74356,0,0
STX,PE,D,20200522,000000,6.74356,6.74356,6.52841,6.6001,0,0
STX,PE,D,20200525,000000,6.6001,6.81525,6.6001,6.74356,0,0
STX,PE,D,20200526,000000,6.74356,6.88703,5.09359,5.09359,0,0
STX,PE,D,20200527,000000,5.09359,5.09359,4.95003,5.02181,0,0
STX,PE,D,20200528,000000,4.95003,5.09359,4.95003,4.95003,0,0
STX,PE,D,20200529,000000,4.95003,5.02181,4.95003,5.02181,0,0
STX,PE,D,20200601,000000,5.02181,5.16527,5.02181,5.16527,0,0
STX,PE,D,20200602,000000,5.16527,5.30874,5.16527,5.30874,0,0
STX,PE,D,20200603,000000,5.30874,5.38051,5.30874,5.30874,0,0
STX,PE,D,20200604,000000,5.38051,5.38051,5.23696,5.38051,0,0
STX,PE,D,20200605,000000,5.38051,5.38051,5.23696,5.30874,0,0
STX,PE,D,20200608,000000,5.30874,5.38051,5.23696,5.38051,0,0
STX,PE,D,20200609,000000,5.30874,5.38051,5.23696,5.30874,0,0
STX,PE,D,20200610,000000,5.30874,5.38051,5.23696,5.38051,0,0
STX,PE,D,20200612,000000,5.09359,5.23696,5.09359,5.16527,0,0
STX,PE,D,20200615,000000,5.16527,5.16527,5.09359,5.16527,0,0
STX,PE,D,20200616,000000,5.16527,5.16527,5.09359,5.16527,0,0
STX,PE,D,20200617,000000,5.16527,5.16527,5.16527,5.16527,0,0
STX,PE,D,20200618,000000,5.16527,5.16527,5.16527,5.16527,0,0
STX,PE,D,20200619,000000,5.16527,5.30874,5.09359,5.09359,0,0
STX,PE,D,20200622,000000,5.16527,5.16527,5.09359,5.09359,0,0
STX,PE,D,20200623,000000,5.09359,5.16527,5.09359,5.09359,0,0
STX,PE,D,20200624,000000,5.09359,5.09359,5.09359,5.09359,0,0
STX,PE,D,20200625,000000,5.18134,5.25432,5.10835,5.10835,0,0
STX,PE,D,20200626,000000,5.10835,5.10835,5.03546,5.03546,0,0
STX,PE,D,20200629,000000,4.88939,4.96238,4.74351,4.96238,0,0
STX,PE,D,20200630,000000,4.88939,4.96238,4.8165,4.88939,0,0
STX,PE,D,20200701,000000,4.88939,4.88939,4.8165,4.88939,0,0
STX,PE,D,20200702,000000,4.88939,4.96238,4.88939,4.88939,0,0
STX,PE,D,20200703,000000,4.88939,5.03546,4.88939,5.03546,0,0
STX,PE,D,20200706,000000,5.03546,5.10835,4.96238,5.10835,0,0
STX,PE,D,20200707,000000,5.10835,5.10835,4.96238,5.10835,0,0
STX,PE,D,20200708,000000,5.03546,5.10835,4.96238,5.10835,0,0
STX,PE,D,20200709,000000,5.03546,5.10835,4.96238,5.10835,0,0
STX,PE,D,20200710,000000,5.03546,5.18134,4.96238,5.18134,0,0
STX,PE,D,20200713,000000,5.10835,5.18134,5.03546,5.03546,0,0
STX,PE,D,20200714,000000,5.03546,5.10835,4.96238,5.03546,0,0
STX,PE,D,20200715,000000,5.03546,5.03546,4.8165,5.03546,0,0
STX,PE,D,20200716,000000,5.03546,5.10835,5.03546,5.10835,0,0
STX,PE,D,20200717,000000,5.10835,5.10835,5.03546,5.03546,0,0
STX,PE,D,20200720,000000,5.03546,5.18134,4.96238,5.10835,0,0
STX,PE,D,20200721,000000,5.03546,5.18134,5.03546,5.18134,0,0
STX,PE,D,20200722,000000,5.18134,5.18134,5.03546,5.18134,0,0
STX,PE,D,20200723,000000,5.18134,5.18134,5.03546,5.18134,0,0
STX,PE,D,20200724,000000,5.10835,5.18134,5.03546,5.18134,0,0
STX,PE,D,20200727,000000,5.10835,5.10835,5.03546,5.10835,0,0
STX,PE,D,20200728,000000,5.10835,5.18134,5.03546,5.10835,0,0
STX,PE,D,20200729,000000,5.10835,5.10835,5.03546,5.10835,0,0
STX,PE,D,20200730,000000,5.03546,5.18134,4.96238,5.03546,0,0
STX,PE,D,20200731,000000,4.96238,5.18134,4.96238,5.18134,0,0
STX,PE,D,20200803,000000,5.18134,7.22466,5.03546,7.22466,0,0
STX,PE,D,20200804,000000,7.22466,7.29764,7.07869,7.29764,0,0
STX,PE,D,20200805,000000,7.37063,7.37063,7.22466,7.22466,0,0
STX,PE,D,20200806,000000,7.29764,7.37063,7.0057,7.37063,0,0
STX,PE,D,20200807,000000,7.37063,7.37063,7.15176,7.22466,0,0
STX,PE,D,20200810,000000,7.37063,7.37063,7.22466,7.22466,0,0
STX,PE,D,20200811,000000,7.22466,7.29764,7.07869,7.29764,0,0
STX,PE,D,20200812,000000,7.22466,7.29764,7.07869,7.22466,0,0
STX,PE,D,20200813,000000,7.22466,7.37063,7.15176,7.22466,0,0
STX,PE,D,20200814,000000,7.22466,7.37063,7.15176,7.22466,0,0
STX,PE,D,20200817,000000,7.22466,7.37063,7.22466,7.37063,0,0
STX,PE,D,20200818,000000,7.29764,7.37063,7.22466,7.29764,0,0
STX,PE,D,20200819,000000,7.22466,7.37063,7.22466,7.37063,0,0
STX,PE,D,20200820,000000,7.29764,7.44361,7.22466,7.44361,0,0
STX,PE,D,20200821,000000,7.44361,7.44361,7.29764,7.37063,0,0
STX,PE,D,20200824,000000,7.37063,7.37063,7.22466,7.37063,0,0
STX,PE,D,20200825,000000,7.44361,7.44361,7.22466,7.29764,0,0
STX,PE,D,20200826,000000,7.29764,7.37063,7.29764,7.37063,0,0
STX,PE,D,20200827,000000,7.29764,7.37063,7.22466,7.37063,0,0
STX,PE,D,20200828,000000,7.44361,7.44361,7.22466,7.37063,0,0
STX,PE,D,20200831,000000,7.37063,7.37063,7.29764,7.37063,0,0
STX,PE,D,20200901,000000,7.29764,7.37063,7.22466,7.22466,0,0
STX,PE,D,20200902,000000,7.15176,7.44361,7.15176,7.29764,0,0
STX,PE,D,20200903,000000,7.29764,7.37063,7.29764,7.29764,0,0
STX,PE,D,20200904,000000,7.29764,7.37063,7.15176,7.37063,0,0
STX,PE,D,20200907,000000,7.37063,7.5166,7.29764,7.37063,0,0
STX,PE,D,20200908,000000,7.37063,7.37063,7.22466,7.29764,0,0
STX,PE,D,20200909,000000,7.22466,7.44361,7.22466,7.44361,0,0
STX,PE,D,20200910,000000,7.29764,7.44361,7.22466,7.44361,0,0
STX,PE,D,20200911,000000,7.29764,7.37063,7.29764,7.37063,0,0
STX,PE,D,20200914,000000,7.29764,7.37063,7.15176,7.29764,0,0
STX,PE,D,20200915,000000,7.22466,7.37063,7.0057,7.37063,0,0
STX,PE,D,20200916,000000,7.37063,7.37063,7.29764,7.37063,0,0
STX,PE,D,20200917,000000,7.29764,7.44361,7.29764,7.44361,0,0
STX,PE,D,20200918,000000,7.44361,7.5166,7.37063,7.44361,0,0
STX,PE,D,20200921,000000,7.44361,7.44361,7.22466,7.37063,0,0
STX,PE,D,20200922,000000,7.29764,7.44361,7.29764,7.44361,0,0
STX,PE,D,20200923,000000,7.37063,7.37063,7.22466,7.29764,0,0
STX,PE,D,20200924,000000,7.29764,7.29764,7.22466,7.22466,0,0
STX,PE,D,20200925,000000,7.22466,7.29764,7.0057,7.29764,0,0
STX,PE,D,20200928,000000,7.29764,7.29764,7.15176,7.29764,0,0
STX,PE,D,20200929,000000,7.29764,7.37063,7.22466,7.29764,0,0
STX,PE,D,20200930,000000,7.29764,7.37063,7.29764,7.37063,0,0
STX,PE,D,20201001,000000,7.29764,7.37063,7.22466,7.22466,0,0
STX,PE,D,20201002,000000,7.22466,7.22466,7.07869,7.22466,0,0
STX,PE,D,20201005,000000,7.15176,7.22466,7.15176,7.15176,0,0
STX,PE,D,20201006,000000,7.29764,7.29764,7.07869,7.07869,0,0
STX,PE,D,20201007,000000,7.07869,7.07869,7.0057,7.0057,0,0
STX,PE,D,20201008,000000,6.93281,7.22466,6.93281,7.22466,0,0
STX,PE,D,20201009,000000,7.15176,7.29764,6.93281,7.15176,0,0
STX,PE,D,20201012,000000,7.15176,7.15176,7.0057,7.0057,0,0
STX,PE,D,20201013,000000,7.0057,7.0057,6.93281,7.0057,0,0
STX,PE,D,20201014,000000,6.93281,7.0057,6.71385,7.0057,0,0
STX,PE,D,20201015,000000,6.93281,7.0057,6.71385,7.0057,0,0
STX,PE,D,20201016,000000,6.78674,7.0057,6.78674,6.85982,0,0
STX,PE,D,20201019,000000,6.85982,6.85982,6.78674,6.85982,0,0
STX,PE,D,20201020,000000,6.85982,6.85982,6.78674,6.85982,0,0
STX,PE,D,20201021,000000,6.78674,6.85982,6.64086,6.85982,0,0
STX,PE,D,20201022,000000,6.71385,6.85982,6.64086,6.85982,0,0
STX,PE,D,20201023,000000,7.0057,7.0057,6.71385,6.71385,0,0
STX,PE,D,20201026,000000,6.85982,6.85982,6.64086,6.78674,0,0
STX,PE,D,20201027,000000,6.71385,6.85982,6.64086,6.78674,0,0
STX,PE,D,20201028,000000,6.71385,6.71385,6.56788,6.71385,0,0
STX,PE,D,20201029,000000,6.64086,6.71385,6.49489,6.71385,0,0
STX,PE,D,20201030,000000,6.56788,6.64086,6.49489,6.56788,0,0
STX,PE,D,20201102,000000,6.56788,6.71385,6.49489,6.64086,0,0
STX,PE,D,20201103,000000,6.64086,6.71385,6.56788,6.56788,0,0
STX,PE,D,20201104,000000,6.56788,6.56788,6.42191,6.49489,0,0
STX,PE,D,20201105,000000,6.49489,6.49489,6.42191,6.49489,0,0
STX,PE,D,20201106,000000,6.42191,6.42191,6.20295,6.42191,0,0
STX,PE,D,20201109,000000,6.49489,6.78674,4.15972,4.15972,0,0
STX,PE,D,20201110,000000,4.15972,4.23261,4.01366,4.23261,0,0
STX,PE,D,20201112,000000,4.45157,4.8165,4.45157,4.8165,0,0
STX,PE,D,20201113,000000,4.88939,4.88939,4.67044,4.8165,0,0
STX,PE,D,20201116,000000,4.88939,4.88939,4.74351,4.74351,0,0
STX,PE,D,20201117,000000,4.8165,4.8165,4.67044,4.74351,0,0
STX,PE,D,20201118,000000,4.74351,4.74351,4.67044,4.74351,0,0
STX,PE,D,20201119,000000,4.67044,4.8165,4.67044,4.8165,0,0
STX,PE,D,20201120,000000,4.8165,4.88939,4.8165,4.8165,0,0
STX,PE,D,20201123,000000,4.8165,4.8165,4.74351,4.8165,0,0
STX,PE,D,20201124,000000,4.8165,4.8165,4.74351,4.8165,0,0
STX,PE,D,20201125,000000,4.8165,4.8165,4.74351,4.8165,0,0
STX,PE,D,20201126,000000,4.8165,4.8165,4.8165,4.8165,0,0
STX,PE,D,20201127,000000,4.8165,4.96238,4.8165,4.88939,0,0
STX,PE,D,20201130,000000,4.88939,4.96238,4.8165,4.96238,0,0
STX,PE,D,20201201,000000,4.96238,5.03546,4.96238,4.96238,0,0
STX,PE,D,20201202,000000,4.88939,4.96238,4.88939,4.96238,0,0
STX,PE,D,20201203,000000,4.96238,4.96238,4.88939,4.96238,0,0
STX,PE,D,20201204,000000,4.88939,4.96238,4.8165,4.96238,0,0
STX,PE,D,20201207,000000,4.88939,4.96238,4.67044,4.96238,0,0
STX,PE,D,20201208,000000,4.88939,4.96238,4.88939,4.96238,0,0
STX,PE,D,20201209,000000,4.96238,4.96238,4.88939,4.96238,0,0
STX,PE,D,20201210,000000,4.88939,4.96238,4.88939,4.96238,0,0
STX,PE,D,20201211,000000,4.96238,4.96238,4.88939,4.96238,0,0
STX,PE,D,20201214,000000,4.96238,4.96238,4.88939,4.88939,0,0
STX,PE,D,20201215,000000,4.8165,4.88939,4.74351,4.88939,0,0
STX,PE,D,20201216,000000,4.88939,4.88939,4.88939,4.88939,0,0
STX,PE,D,20201217,000000,4.88939,4.88939,4.88939,4.88939,0,0
STX,PE,D,20201218,000000,4.88939,4.88939,4.88939,4.88939,0,0
STX,PE,D,20201221,000000,4.88939,4.88939,4.74351,4.74351,0,0
STX,PE,D,20201222,000000,4.74351,4.88939,4.74351,4.88939,0,0
STX,PE,D,20201223,000000,4.88939,4.88939,4.8165,4.8165,0,0
STX,PE,D,20201228,000000,4.74351,4.96238,4.74351,4.96238,0,0
STX,PE,D,20201229,000000,4.96238,4.96238,4.88939,4.96238,0,0
STX,PE,D,20201230,000000,4.88939,5.32731,4.88939,5.25432,0,0
STX,PE,D,20210104,000000,5.25432,5.76513,5.25432,5.76513,0,0
STX,PE,D,20210105,000000,5.76513,5.83811,5.61925,5.83811,0,0
STX,PE,D,20210107,000000,5.83811,5.9111,5.61925,5.76513,0,0
STX,PE,D,20210108,000000,5.83811,5.83811,5.69214,5.76513,0,0
STX,PE,D,20210111,000000,5.76513,5.76513,5.54617,5.76513,0,0
STX,PE,D,20210112,000000,5.69214,5.76513,5.54617,5.76513,0,0
STX,PE,D,20210113,000000,5.69214,5.69214,5.61925,5.69214,0,0
STX,PE,D,20210114,000000,5.61925,5.69214,5.40029,5.69214,0,0
STX,PE,D,20210115,000000,5.69214,5.69214,5.54617,5.61925,0,0
STX,PE,D,20210118,000000,5.54617,5.61925,5.54617,5.61925,0,0
STX,PE,D,20210119,000000,5.61925,5.69214,5.54617,5.69214,0,0
STX,PE,D,20210120,000000,5.69214,5.76513,5.54617,5.76513,0,0
STX,PE,D,20210121,000000,5.69214,5.76513,5.69214,5.76513,0,0
STX,PE,D,20210122,000000,5.69214,5.76513,5.61925,5.61925,0,0
STX,PE,D,20210125,000000,5.54617,5.69214,5.54617,5.61925,0,0
STX,PE,D,20210126,000000,5.61925,5.61925,5.61925,5.61925,0,0
STX,PE,D,20210127,000000,5.61925,5.69214,5.54617,5.61925,0,0
STX,PE,D,20210128,000000,5.54617,5.61925,5.54617,5.61925,0,0
STX,PE,D,20210129,000000,5.54617,5.69214,5.54617,5.69214,0,0
STX,PE,D,20210201,000000,5.69214,5.76513,5.54617,5.69214,0,0
STX,PE,D,20210202,000000,5.69214,5.76513,5.61925,5.76513,0,0
STX,PE,D,20210203,000000,5.61925,5.76513,5.61925,5.76513,0,0
STX,PE,D,20210204,000000,5.69214,5.76513,5.69214,5.76513,0,0
STX,PE,D,20210205,000000,5.76513,5.76513,5.69214,5.76513,0,0
STX,PE,D,20210208,000000,5.76513,5.9111,5.76513,5.9111,0,0
STX,PE,D,20210209,000000,5.9111,5.9111,5.83811,5.83811,0,0
STX,PE,D,20210210,000000,5.76513,5.9111,5.76513,5.9111,0,0
STX,PE,D,20210211,000000,5.9111,5.9111,5.83811,5.9111,0,0
STX,PE,D,20210212,000000,5.9111,5.9111,5.69214,5.76513,0,0
STX,PE,D,20210215,000000,5.76513,5.76513,5.69214,5.76513,0,0
STX,PE,D,20210216,000000,5.76513,5.76513,5.69214,5.76513,0,0
STX,PE,D,20210217,000000,5.69214,5.69214,5.61925,5.69214,0,0
STX,PE,D,20210218,000000,5.76513,5.76513,5.61925,5.61925,0,0
STX,PE,D,20210219,000000,5.61925,5.69214,5.54617,5.69214,0,0
STX,PE,D,20210222,000000,5.61925,5.61925,5.47328,5.54617,0,0
STX,PE,D,20210223,000000,5.47328,5.54617,5.32731,5.32731,0,0
STX,PE,D,20210224,000000,5.32731,5.40029,5.25432,5.40029,0,0
STX,PE,D,20210225,000000,5.32731,5.61925,5.32731,5.61925,0,0
STX,PE,D,20210226,000000,5.61925,5.61925,5.40029,5.61925,0,0
STX,PE,D,20210301,000000,5.61925,6.05707,5.61925,5.98409,0,0
STX,PE,D,20210302,000000,5.98409,5.98409,5.9111,5.9111,0,0
STX,PE,D,20210303,000000,5.9111,5.98409,5.83811,5.9111,0,0
STX,PE,D,20210304,000000,5.9111,7.95442,5.83811,7.95442,0,0
STX,PE,D,20210305,000000,7.88144,7.95442,7.80854,7.88144,0,0
STX,PE,D,20210308,000000,7.95442,8.10039,7.88144,8.10039,0,0
STX,PE,D,20210309,000000,8.17338,8.17338,7.95442,7.95442,0,0
STX,PE,D,20210310,000000,8.02741,8.17338,7.95442,8.17338,0,0
STX,PE,D,20210311,000000,8.17338,8.24664,8.10039,8.17338,0,0
STX,PE,D,20210312,000000,8.17338,8.24664,8.17338,8.17338,0,0
STX,PE,D,20210315,000000,8.17338,8.24664,8.10039,8.17338,0,0
STX,PE,D,20210316,000000,8.17338,8.24664,8.17338,8.24664,0,0
STX,PE,D,20210317,000000,8.24664,8.24664,7.95442,8.24664,0,0
STX,PE,D,20210318,000000,8.24664,8.24664,8.02741,8.24664,0,0
STX,PE,D,20210319,000000,8.24664,8.24664,8.10039,8.17338,0,0
STX,PE,D,20210322,000000,8.17338,8.31926,8.17338,8.24664,0,0
STX,PE,D,20210323,000000,8.24664,8.31926,8.17338,8.31926,0,0
STX,PE,D,20210324,000000,8.31926,8.31926,8.24664,8.24664,0,0
STX,PE,D,20210325,000000,8.24664,8.24664,8.10039,8.24664,0,0
STX,PE,D,20210326,000000,8.17338,8.31926,8.17338,8.24664,0,0
STX,PE,D,20210329,000000,8.24664,8.31926,8.17338,8.31926,0,0
STX,PE,D,20210330,000000,8.31926,8.39261,8.17338,8.24664,0,0
STX,PE,D,20210331,000000,8.24664,8.24664,8.17338,8.24664,0,0
STX,PE,D,20210401,000000,8.24664,8.39261,8.24664,8.31926,0,0
STX,PE,D,20210406,000000,8.39261,8.46523,8.31926,8.39261,0,0
STX,PE,D,20210407,000000,8.39261,8.53868,8.39261,8.53868,0,0
STX,PE,D,20210408,000000,8.63971,10.5402,8.63971,10.5402,0,0
STX,PE,D,20210409,000000,10.6266,10.6266,10.5402,10.6266,0,0
STX,PE,D,20210412,000000,10.7129,10.7129,10.1948,10.3675,0,0
STX,PE,D,20210413,000000,10.3675,10.3675,10.1948,10.3675,0,0
STX,PE,D,20210414,000000,10.3675,10.3675,8.72616,8.72616,0,0
STX,PE,D,20210415,000000,8.63971,8.72616,8.63971,8.72616,0,0
STX,PE,D,20210416,000000,8.72616,8.72616,8.63971,8.63971,0,0
STX,PE,D,20210419,000000,8.72616,8.72616,8.55335,8.63971,0,0
STX,PE,D,20210420,000000,8.55335,8.63971,8.55335,8.63971,0,0
STX,PE,D,20210421,000000,8.63971,8.63971,8.55335,8.63971,0,0
STX,PE,D,20210422,000000,8.63971,8.72616,8.55335,8.72616,0,0
STX,PE,D,20210423,000000,8.72616,8.72616,8.63971,8.72616,0,0
STX,PE,D,20210426,000000,8.72616,8.72616,8.63971,8.72616,0,0
STX,PE,D,20210427,000000,8.72616,8.72616,8.63971,8.63971,0,0
STX,PE,D,20210428,000000,8.63971,8.72616,8.55335,8.72616,0,0
STX,PE,D,20210429,000000,8.72616,8.72616,8.63971,8.72616,0,0
STX,PE,D,20210430,000000,8.63971,8.72616,8.63971,8.72616,0,0
STX,PE,D,20210504,000000,8.72616,8.72616,8.55335,8.63971,0,0
STX,PE,D,20210505,000000,8.55335,8.72616,8.55335,8.72616,0,0
STX,PE,D,20210506,000000,8.72616,8.72616,8.55335,8.63971,0,0
STX,PE,D,20210507,000000,8.55335,8.72616,8.55335,8.63971,0,0
STX,PE,D,20210510,000000,8.63971,8.81251,8.55335,8.81251,0,0
STX,PE,D,20210511,000000,8.72616,8.8985,8.63971,8.8985,0,0
STX,PE,D,20210512,000000,8.8985,8.8985,8.81251,8.8985,0,0
STX,PE,D,20210513,000000,8.8985,8.8985,8.72616,8.8985,0,0
STX,PE,D,20210514,000000,8.8985,8.98579,8.81251,8.98579,0,0
STX,PE,D,20210517,000000,8.98579,8.98579,8.8985,8.8985,0,0
STX,PE,D,20210518,000000,8.81251,8.98579,8.81251,8.98579,0,0
STX,PE,D,20210519,000000,8.98579,8.98579,8.8985,8.8985,0,0
STX,PE,D,20210520,000000,8.8985,8.8985,8.72616,8.8985,0,0
STX,PE,D,20210521,000000,8.81251,8.8985,8.81251,8.8985,0,0
STX,PE,D,20210524,000000,8.8985,8.8985,8.72616,8.81251,0,0
STX,PE,D,20210525,000000,8.81251,8.81251,8.72616,8.72616,0,0
STX,PE,D,20210526,000000,8.72616,8.8985,8.72616,8.8985,0,0
STX,PE,D,20210527,000000,8.81251,8.8985,8.81251,8.8985,0,0
STX,PE,D,20210528,000000,8.8985,8.98579,8.81251,8.8985,0,0
STX,PE,D,20210531,000000,8.8985,8.8985,8.81251,8.8985,0,0
STX,PE,D,20210601,000000,8.8985,8.8985,8.81251,8.8985,0,0
STX,PE,D,20210602,000000,8.8985,8.8985,8.72616,8.8985,0,0
STX,PE,D,20210604,000000,8.8985,8.8985,8.81251,8.8985,0,0
STX,PE,D,20210607,000000,8.8985,8.8985,8.81251,8.8985,0,0
STX,PE,D,20210608,000000,8.81251,8.81251,8.72616,8.81251,0,0
STX,PE,D,20210609,000000,8.81251,8.81251,8.72616,8.81251,0,0
STX,PE,D,20210610,000000,8.81251,8.8985,8.72616,8.81251,0,0
STX,PE,D,20210611,000000,8.72616,8.8985,8.72616,8.8985,0,0
STX,PE,D,20210614,000000,8.81251,8.81251,8.81251,8.81251,0,0
STX,PE,D,20210615,000000,8.81251,8.81251,8.72616,8.81251,0,0
STX,PE,D,20210616,000000,8.81251,8.81251,8.72616,8.81251,0,0
STX,PE,D,20210617,000000,8.81251,8.81251,8.72616,8.81251,0,0
STX,PE,D,20210618,000000,8.72616,8.81251,8.72616,8.81251,0,0
STX,PE,D,20210621,000000,8.72616,8.81251,8.72616,8.81251,0,0
STX,PE,D,20210622,000000,8.81251,8.81251,8.72616,8.81251,0,0
STX,PE,D,20210623,000000,8.81251,8.8985,8.72616,8.81251,0,0
STX,PE,D,20210624,000000,8.72616,8.81251,8.72616,8.81251,0,0
STX,PE,D,20210625,000000,8.81251,8.8985,8.72616,8.8985,0,0
STX,PE,D,20210628,000000,8.8985,8.8985,8.81251,8.8985,0,0
STX,PE,D,20210629,000000,8.8985,8.8985,8.81251,8.81251,0,0
STX,PE,D,20210630,000000,8.72616,8.81251,8.72616,8.72616,0,0
STX,PE,D,20210701,000000,8.72616,8.81251,8.63971,8.81251,0,0
STX,PE,D,20210702,000000,8.81251,8.81251,8.72616,8.81251,0,0
STX,PE,D,20210705,000000,8.72616,8.8985,8.72616,8.8985,0,0
STX,PE,D,20210706,000000,8.81251,8.8985,8.81251,8.81251,0,0
STX,PE,D,20210707,000000,8.81251,8.8985,8.72616,8.8985,0,0
STX,PE,D,20210708,000000,8.8985,8.8985,8.81251,8.8985,0,0
STX,PE,D,20210709,000000,8.8985,8.8985,8.81251,8.8985,0,0
STX,PE,D,20210712,000000,8.81251,8.8985,8.81251,8.81251,0,0
STX,PE,D,20210713,000000,8.72616,8.8985,8.72616,8.8985,0,0
STX,PE,D,20210714,000000,8.8985,8.8985,8.81251,8.81251,0,0
STX,PE,D,20210715,000000,8.72616,8.81251,8.72616,8.81251,0,0
STX,PE,D,20210716,000000,8.81251,8.81251,8.72616,8.81251,0,0
STX,PE,D,20210719,000000,8.72616,8.81251,8.72616,8.81251,0,0
STX,PE,D,20210720,000000,8.81251,8.81251,8.72616,8.72616,0,0
STX,PE,D,20210721,000000,8.81251,8.81251,8.72616,8.81251,0,0
STX,PE,D,20210722,000000,8.81251,8.8985,8.72616,8.8985,0,0
STX,PE,D,20210723,000000,8.81251,8.8985,8.81251,8.8985,0,0
STX,PE,D,20210726,000000,8.8985,8.8985,8.81251,8.8985,0,0
STX,PE,D,20210727,000000,8.8985,8.8985,8.81251,8.8985,0,0
STX,PE,D,20210728,000000,8.81251,8.8985,8.81251,8.8985,0,0
STX,PE,D,20210729,000000,8.8985,9.1585,8.8985,9.1585,0,0
STX,PE,D,20210730,000000,9.1585,9.33121,9.07214,9.24486,0,0
STX,PE,D,20210802,000000,9.24486,9.33121,9.1585,9.33121,0,0
STX,PE,D,20210803,000000,9.33121,9.33121,9.24486,9.33121,0,0
STX,PE,D,20210804,000000,9.41757,9.41757,7.94857,7.94857,0,0
STX,PE,D,20210805,000000,7.94857,7.94857,7.86221,7.94857,0,0
STX,PE,D,20210806,000000,7.94857,7.94857,7.86221,7.94857,0,0
STX,PE,D,20210809,000000,7.94857,7.94857,7.86221,7.94857,0,0
STX,PE,D,20210810,000000,7.94857,7.94857,7.86221,7.94857,0,0
STX,PE,D,20210811,000000,7.94857,7.94857,7.77576,7.86221,0,0
STX,PE,D,20210812,000000,7.77576,7.86221,7.68941,7.77576,0,0
STX,PE,D,20210813,000000,7.77576,7.94857,7.77576,7.94857,0,0
STX,PE,D,20210816,000000,7.94857,7.94857,7.86221,7.86221,0,0
STX,PE,D,20210817,000000,7.86221,7.86221,7.77576,7.86221,0,0
STX,PE,D,20210818,000000,7.86221,7.94857,7.86221,7.94857,0,0
STX,PE,D,20210819,000000,7.86221,7.94857,7.86221,7.86221,0,0
STX,PE,D,20210820,000000,7.86221,7.86221,7.86221,7.86221,0,0
STX,PE,D,20210823,000000,7.86221,7.86221,7.86221,7.86221,0,0
STX,PE,D,20210824,000000,7.86221,7.94857,7.86221,7.86221,0,0
STX,PE,D,20210825,000000,7.86221,7.86221,7.77576,7.86221,0,0
STX,PE,D,20210826,000000,7.86221,7.86221,7.77576,7.86221,0,0
STX,PE,D,20210827,000000,7.77576,7.86221,7.68941,7.86221,0,0
STX,PE,D,20210830,000000,7.86221,7.86221,7.77576,7.86221,0,0
STX,PE,D,20210831,000000,7.86221,7.86221,7.77576,7.77576,0,0
STX,PE,D,20210901,000000,7.77576,7.86221,7.77576,7.86221,0,0
STX,PE,D,20210902,000000,7.86221,7.86221,7.77576,7.86221,0,0
STX,PE,D,20210903,000000,7.77576,7.77576,7.77576,7.77576,0,0
STX,PE,D,20210906,000000,7.68941,7.86221,7.68941,7.86221,0,0
STX,PE,D,20210907,000000,7.86221,7.86221,7.86221,7.86221,0,0
STX,PE,D,20210908,000000,7.86221,7.86221,7.77576,7.86221,0,0
STX,PE,D,20210909,000000,7.86221,7.86221,7.77576,7.86221,0,0
STX,PE,D,20210910,000000,7.86221,7.86221,7.77576,7.86221,0,0
STX,PE,D,20210913,000000,7.77576,7.86221,7.77576,7.86221,0,0
STX,PE,D,20210914,000000,7.77576,7.86221,7.77576,7.86221,0,0
STX,PE,D,20210915,000000,7.77576,7.77576,7.77576,7.77576,0,0
STX,PE,D,20210916,000000,7.77576,7.86221,7.77576,7.86221,0,0
STX,PE,D,20210917,000000,7.86221,7.86221,7.77576,7.77576,0,0
STX,PE,D,20210920,000000,7.77576,7.77576,7.60296,7.60296,0,0
STX,PE,D,20210921,000000,7.60296,7.68941,7.5166,7.68941,0,0
STX,PE,D,20210922,000000,7.68941,7.77576,7.68941,7.77576,0,0
STX,PE,D,20210923,000000,7.68941,7.86221,7.68941,7.86221,0,0
STX,PE,D,20210924,000000,7.86221,7.86221,7.77576,7.86221,0,0
STX,PE,D,20210927,000000,7.77576,7.86221,7.77576,7.86221,0,0
STX,PE,D,20210928,000000,7.86221,7.86221,7.77576,7.77576,0,0
STX,PE,D,20210929,000000,7.77576,7.86221,7.77576,7.86221,0,0
STX,PE,D,20210930,000000,7.86221,7.86221,7.77576,7.77576,0,0
STX,PE,D,20211001,000000,7.77576,7.77576,7.68941,7.77576,0,0
STX,PE,D,20211004,000000,7.77576,7.77576,7.68941,7.77576,0,0
STX,PE,D,20211005,000000,7.77576,7.86221,7.77576,7.86221,0,0
STX,PE,D,20211006,000000,7.86221,7.86221,7.77576,7.86221,0,0
STX,PE,D,20211007,000000,7.86221,7.86221,7.86221,7.86221,0,0
STX,PE,D,20211008,000000,7.86221,7.86221,7.86221,7.86221,0,0
STX,PE,D,20211011,000000,7.86221,7.86221,7.77576,7.86221,0,0
STX,PE,D,20211012,000000,7.86221,7.86221,7.77576,7.86221,0,0
STX,PE,D,20211013,000000,7.86221,7.94857,7.86221,7.94857,0,0
STX,PE,D,20211014,000000,7.94857,8.03493,7.94857,8.03493,0,0
STX,PE,D,20211015,000000,8.03493,8.12138,8.03493,8.12138,0,0
STX,PE,D,20211018,000000,8.12138,8.38054,8.12138,8.20774,0,0
STX,PE,D,20211019,000000,8.29419,8.38054,8.20774,8.29419,0,0
STX,PE,D,20211020,000000,8.38054,8.38054,8.20774,8.20774,0,0
STX,PE,D,20211021,000000,8.20774,8.20774,8.12138,8.12138,0,0
STX,PE,D,20211022,000000,8.20774,8.20774,8.12138,8.20774,0,0
STX,PE,D,20211025,000000,8.20774,8.38054,8.20774,8.38054,0,0
STX,PE,D,20211026,000000,8.38054,8.46699,8.29419,8.38054,0,0
STX,PE,D,20211027,000000,8.38054,8.46699,8.38054,8.38054,0,0
STX,PE,D,20211028,000000,8.38054,8.38054,8.38054,8.38054,0,0
STX,PE,D,20211029,000000,8.38054,8.46699,8.38054,8.38054,0,0
STX,PE,D,20211102,000000,8.46699,8.46699,8.38054,8.38054,0,0
STX,PE,D,20211103,000000,8.38054,8.38054,8.29419,8.38054,0,0
STX,PE,D,20211104,000000,8.38054,8.38054,8.29419,8.38054,0,0
STX,PE,D,20211105,000000,8.46699,8.46699,8.38054,8.38054,0,0
STX,PE,D,20211108,000000,8.38054,8.46699,8.38054,8.46699,0,0
STX,PE,D,20211109,000000,8.46699,8.55335,8.38054,8.46699,0,0
STX,PE,D,20211110,000000,8.46699,8.81251,8.38054,8.81251,0,0
STX,PE,D,20211112,000000,8.81251,8.81251,8.72616,8.81251,0,0
STX,PE,D,20211115,000000,8.81251,8.81251,8.72616,8.81251,0,0
STX,PE,D,20211116,000000,8.72616,8.8985,8.72616,8.8985,0,0
STX,PE,D,20211117,000000,8.8985,8.8985,8.72616,8.8985,0,0
STX,PE,D,20211118,000000,8.8985,8.8985,8.81251,8.8985,0,0
STX,PE,D,20211119,000000,8.81251,8.8985,8.72616,8.81251,0,0
STX,PE,D,20211122,000000,8.81251,8.81251,8.72616,8.72616,0,0
STX,PE,D,20211123,000000,8.72616,8.72616,8.46699,8.55335,0,0
STX,PE,D,20211124,000000,8.63971,8.63971,8.46699,8.55335,0,0
STX,PE,D,20211125,000000,8.63971,8.72616,8.55335,8.72616,0,0
STX,PE,D,20211126,000000,8.72616,8.72616,8.38054,8.46699,0,0
STX,PE,D,20211129,000000,8.55335,8.55335,8.29419,8.29419,0,0
STX,PE,D,20211130,000000,8.29419,8.38054,8.12138,8.12138,0,0
STX,PE,D,20211201,000000,8.12138,8.20774,8.03493,8.03493,0,0
STX,PE,D,20211202,000000,8.03493,8.03493,7.94857,8.03493,0,0
STX,PE,D,20211203,000000,8.03493,8.20774,8.03493,8.03493,0,0
STX,PE,D,20211206,000000,8.12138,8.20774,7.86221,7.94857,0,0
STX,PE,D,20211207,000000,7.94857,8.03493,7.86221,7.94857,0,0
STX,PE,D,20211208,000000,8.03493,8.03493,7.94857,7.94857,0,0
STX,PE,D,20211209,000000,7.94857,8.03493,7.94857,8.03493,0,0
STX,PE,D,20211210,000000,8.03493,8.12138,7.94857,8.03493,0,0
STX,PE,D,20211213,000000,8.12138,8.20774,8.03493,8.12138,0,0
STX,PE,D,20211214,000000,8.03493,8.12138,8.03493,8.12138,0,0
STX,PE,D,20211215,000000,8.20774,8.20774,8.03493,8.03493,0,0
STX,PE,D,20211216,000000,8.03493,8.12138,8.03493,8.12138,0,0
STX,PE,D,20211217,000000,8.12138,8.29419,8.12138,8.20774,0,0
STX,PE,D,20211220,000000,8.12138,8.29419,8.03493,8.03493,0,0
STX,PE,D,20211221,000000,8.12138,8.12138,8.03493,8.03493,0,0
STX,PE,D,20211222,000000,7.94857,8.03493,7.94857,7.94857,0,0
STX,PE,D,20211223,000000,7.94857,7.94857,7.86221,7.94857,0,0
STX,PE,D,20211227,000000,8.03493,8.03493,7.77576,7.77576,0,0
STX,PE,D,20211228,000000,7.94857,7.94857,7.68941,7.68941,0,0
STX,PE,D,20211229,000000,7.68941,7.77576,7.68941,7.68941,0,0
STX,PE,D,20211230,000000,7.77576,7.77576,7.68941,7.68941,0,0
STX,PE,D,20220103,000000,7.77576,7.86221,7.68941,7.77576,0,0
STX,PE,D,20220104,000000,7.77576,7.94857,7.77576,7.86221,0,0
STX,PE,D,20220105,000000,7.86221,7.94857,7.77576,7.77576,0,0
STX,PE,D,20220107,000000,7.77576,7.86221,7.68941,7.77576,0,0
STX,PE,D,20220110,000000,7.77576,7.86221,7.77576,7.77576,0,0
STX,PE,D,20220111,000000,7.77576,7.86221,7.68941,7.77576,0,0
STX,PE,D,20220112,000000,7.86221,7.94857,7.77576,7.94857,0,0
STX,PE,D,20220113,000000,7.94857,7.94857,7.94857,7.94857,0,0
STX,PE,D,20220114,000000,7.94857,7.94857,7.77576,7.86221,0,0
STX,PE,D,20220117,000000,7.94857,7.94857,7.86221,7.94857,0,0
STX,PE,D,20220118,000000,7.94857,7.94857,7.77576,7.77576,0,0
STX,PE,D,20220119,000000,7.86221,7.86221,7.77576,7.77576,0,0
STX,PE,D,20220120,000000,7.77576,7.86221,7.68941,7.77576,0,0
STX,PE,D,20220121,000000,7.77576,7.86221,7.68941,7.68941,0,0
STX,PE,D,20220124,000000,7.77576,7.77576,7.5166,7.5166,0,0
STX,PE,D,20220125,000000,7.5166,7.77576,7.5166,7.77576,0,0
STX,PE,D,20220126,000000,7.77576,7.94857,7.77576,7.77576,0,0
STX,PE,D,20220127,000000,7.77576,7.77576,7.68941,7.68941,0,0
STX,PE,D,20220128,000000,7.68941,7.77576,7.68941,7.77576,0,0
STX,PE,D,20220131,000000,7.86221,7.94857,7.77576,7.86221,0,0
STX,PE,D,20220201,000000,7.86221,7.94857,7.77576,7.77576,0,0
STX,PE,D,20220202,000000,7.86221,7.86221,7.77576,7.77576,0,0
STX,PE,D,20220203,000000,7.77576,7.86221,7.77576,7.86221,0,0
STX,PE,D,20220204,000000,7.86221,7.86221,7.77576,7.77576,0,0
STX,PE,D,20220207,000000,7.86221,7.94857,7.77576,7.86221,0,0
STX,PE,D,20220208,000000,7.86221,7.86221,7.86221,7.86221,0,0
STX,PE,D,20220209,000000,7.86221,7.94857,7.77576,7.86221,0,0
STX,PE,D,20220210,000000,7.86221,7.86221,7.77576,7.77576,0,0
STX,PE,D,20220211,000000,7.86221,7.86221,7.77576,7.77576,0,0
STX,PE,D,20220214,000000,7.77576,7.77576,7.68941,7.68941,0,0
STX,PE,D,20220215,000000,7.68941,7.77576,7.68941,7.77576,0,0
STX,PE,D,20220216,000000,7.77576,7.86221,7.68941,7.68941,0,0
STX,PE,D,20220217,000000,7.68941,7.77576,7.68941,7.77576,0,0
STX,PE,D,20220218,000000,7.86221,7.86221,7.68941,7.68941,0,0
STX,PE,D,20220221,000000,7.68941,7.77576,7.5166,7.60296,0,0
STX,PE,D,20220222,000000,7.43015,7.77576,7.43015,7.77576,0,0
STX,PE,D,20220223,000000,7.77576,7.77576,7.60296,7.60296,0,0
STX,PE,D,20220224,000000,7.5166,7.5166,6.82537,7.17099,0,0
STX,PE,D,20220225,000000,7.5166,7.5166,7.08463,7.08463,0,0
STX,PE,D,20220228,000000,7.08463,7.5166,7.08463,7.43015,0,0
STX,PE,D,20220301,000000,7.43015,7.5166,7.43015,7.43015,0,0
STX,PE,D,20220302,000000,7.43015,7.60296,7.43015,7.60296,0,0
STX,PE,D,20220303,000000,7.68941,7.68941,7.43015,7.5166,0,0
STX,PE,D,20220304,000000,7.5166,7.68941,7.43015,7.43015,0,0
STX,PE,D,20220307,000000,7.43015,7.43015,7.25744,7.34379,0,0
STX,PE,D,20220308,000000,7.25744,7.43015,7.25744,7.43015,0,0
STX,PE,D,20220309,000000,7.43015,7.86221,7.25744,7.86221,0,0
STX,PE,D,20220310,000000,7.86221,7.94857,7.86221,7.86221,0,0
STX,PE,D,20220311,000000,7.94857,7.94857,7.77576,7.86221,0,0
STX,PE,D,20220314,000000,7.94857,7.94857,7.68941,7.77576,0,0
STX,PE,D,20220315,000000,7.86221,7.86221,7.77576,7.86221,0,0
STX,PE,D,20220316,000000,7.86221,7.86221,7.77576,7.77576,0,0
STX,PE,D,20220317,000000,7.86221,7.94857,7.77576,7.86221,0,0
STX,PE,D,20220318,000000,7.86221,7.86221,7.77576,7.77576,0,0
STX,PE,D,20220321,000000,7.86221,7.86221,7.77576,7.86221,0,0
STX,PE,D,20220322,000000,7.86221,7.94857,7.86221,7.86221,0,0
STX,PE,D,20220323,000000,7.86221,8.03493,7.86221,8.03493,0,0
STX,PE,D,20220324,000000,8.03493,8.20774,8.03493,8.20774,0,0
STX,PE,D,20220325,000000,8.20774,8.29419,8.12138,8.29419,0,0
STX,PE,D,20220328,000000,8.38054,8.38054,8.29419,8.38054,0,0
STX,PE,D,20220329,000000,8.29419,8.29419,8.20774,8.20774,0,0
STX,PE,D,20220330,000000,8.29419,8.38054,8.29419,8.38054,0,0
STX,PE,D,20220331,000000,8.38054,8.46699,8.29419,8.38054,0,0
STX,PE,D,20220401,000000,8.29419,8.38054,8.29419,8.38054,0,0
STX,PE,D,20220404,000000,8.38054,8.38054,8.29419,8.38054,0,0
STX,PE,D,20220405,000000,8.38054,8.38054,8.29419,8.29419,0,0
STX,PE,D,20220406,000000,8.29419,8.29419,8.12138,8.20774,0,0
STX,PE,D,20220407,000000,8.12138,8.20774,8.12138,8.20774,0,0
STX,PE,D,20220408,000000,8.20774,8.29419,8.12138,8.12138,0,0
STX,PE,D,20220411,000000,8.12138,8.20774,8.12138,8.12138,0,0
STX,PE,D,20220412,000000,8.82143,8.91429,8.17143,8.17143,0,0
STX,PE,D,20220413,000000,8.26429,8.35714,8.17143,8.35714,0,0
STX,PE,D,20220414,000000,8.35714,8.35714,8.26429,8.26429,0,0
STX,PE,D,20220419,000000,8.26429,8.26429,8.17143,8.26429,0,0
STX,PE,D,20220420,000000,8.26429,8.26429,8.17143,8.17143,0,0
STX,PE,D,20220421,000000,8.17143,8.17143,8.07857,8.17143,0,0
STX,PE,D,20220422,000000,8.17143,8.17143,8.07857,8.07857,0,0
STX,PE,D,20220425,000000,7.98571,7.98571,7.89286,7.98571,0,0
STX,PE,D,20220426,000000,7.98571,7.98571,7.89286,7.98571,0,0
STX,PE,D,20220427,000000,7.98571,8.07857,7.89286,8.07857,0,0
STX,PE,D,20220428,000000,8.07857,8.07857,7.98571,7.98571,0,0
STX,PE,D,20220429,000000,7.98571,8.07857,7.89286,7.98571,0,0
STX,PE,D,20220502,000000,8.07857,8.07857,7.89286,7.89286,0,0
STX,PE,D,20220504,000000,7.89286,7.98571,7.89286,7.98571,0,0
STX,PE,D,20220505,000000,7.89286,7.98571,7.61429,7.89286,0,0
STX,PE,D,20220506,000000,7.89286,7.89286,7.70714,7.70714,0,0
STX,PE,D,20220509,000000,7.70714,7.70714,7.52143,7.70714,0,0
STX,PE,D,20220510,000000,7.61429,7.70714,7.61429,7.61429,0,0
STX,PE,D,20220511,000000,7.61429,7.61429,7.42857,7.52143,0,0
STX,PE,D,20220512,000000,7.42857,7.42857,7.15,7.33571,0,0
STX,PE,D,20220513,000000,7.42857,7.42857,7.33571,7.33571,0,0
STX,PE,D,20220516,000000,7.33571,7.33571,7.24286,7.33571,0,0
STX,PE,D,20220517,000000,7.33571,7.42857,7.24286,7.33571,0,0
STX,PE,D,20220518,000000,7.33571,7.42857,7.15,7.15,0,0
STX,PE,D,20220519,000000,7.15,7.15,7.05714,7.15,0,0
STX,PE,D,20220520,000000,7.15,7.24286,7.15,7.15,0,0
STX,PE,D,20220523,000000,7.15,7.24286,7.15,7.24286,0,0
STX,PE,D,20220524,000000,7.24286,7.42857,7.15,7.42857,0,0
STX,PE,D,20220525,000000,7.42857,7.52143,7.42857,7.42857,0,0
STX,PE,D,20220526,000000,7.42857,7.42857,7.33571,7.42857,0,0
STX,PE,D,20220527,000000,7.33571,7.42857,7.33571,7.33571,0,0
STX,PE,D,20220530,000000,7.42857,7.52143,7.33571,7.52143,0,0
STX,PE,D,20220531,000000,7.52143,7.52143,7.52143,7.52143,0,0
STX,PE,D,20220601,000000,7.52143,7.61429,7.52143,7.52143,0,0
STX,PE,D,20220602,000000,7.52143,7.52143,7.42857,7.42857,0,0
STX,PE,D,20220603,000000,7.52143,7.52143,7.52143,7.52143,0,0
STX,PE,D,20220606,000000,7.52143,7.61429,7.52143,7.61429,0,0
STX,PE,D,20220607,000000,7.61429,7.61429,7.52143,7.61429,0,0
STX,PE,D,20220608,000000,7.52143,7.61429,7.52143,7.52143,0,0
STX,PE,D,20220609,000000,7.52143,7.61429,7.52143,7.61429,0,0
STX,PE,D,20220610,000000,7.61429,7.61429,7.61429,7.61429,0,0
STX,PE,D,20220613,000000,7.61429,7.61429,7.42857,7.42857,0,0
STX,PE,D,20220614,000000,7.42857,7.42857,7.05714,7.33571,0,0
STX,PE,D,20220615,000000,7.05714,7.52143,7.05714,7.52143,0,0
STX,PE,D,20220617,000000,7.52143,7.52143,7.15,7.15,0,0
STX,PE,D,20220620,000000,7.33571,7.33571,7.05714,7.15,0,0
STX,PE,D,20220621,000000,7.15,7.42857,7.15,7.33571,0,0
STX,PE,D,20220622,000000,7.33571,7.33571,7.24286,7.33571,0,0
STX,PE,D,20220623,000000,7.24286,7.42857,7.24286,7.42857,0,0
STX,PE,D,20220624,000000,7.42857,7.42857,7.24286,7.42857,0,0
STX,PE,D,20220627,000000,7.42857,7.42857,7.33571,7.42857,0,0
STX,PE,D,20220628,000000,7.33571,7.42857,7.33571,7.42857,0,0
STX,PE,D,20220629,000000,7.42857,7.61429,7.33571,7.61429,0,0
STX,PE,D,20220630,000000,7.52143,7.52143,7.52143,7.52143,0,0
STX,PE,D,20220701,000000,7.52143,7.52143,7.33571,7.33571,0,0
STX,PE,D,20220704,000000,7.52143,7.52143,7.33571,7.42857,0,0
STX,PE,D,20220705,000000,7.42857,7.42857,7.24286,7.33571,0,0
STX,PE,D,20220706,000000,7.24286,7.24286,6.68571,6.68571,0,0
STX,PE,D,20220707,000000,6.77857,6.96429,6.77857,6.96429,0,0
STX,PE,D,20220708,000000,6.96429,6.96429,6.87143,6.87143,0,0
STX,PE,D,20220711,000000,6.87143,6.96429,6.77857,6.96429,0,0
STX,PE,D,20220712,000000,6.96429,7.15,6.87143,7.05714,0,0
STX,PE,D,20220713,000000,6.96429,7.15,6.96429,6.96429,0,0
STX,PE,D,20220714,000000,7.05714,7.05714,6.87143,6.96429,0,0
STX,PE,D,20220715,000000,6.96429,7.05714,6.87143,6.96429,0,0
STX,PE,D,20220718,000000,6.87143,7.05714,6.87143,6.96429,0,0
STX,PE,D,20220719,000000,7.05714,7.05714,7.05714,7.05714,0,0
STX,PE,D,20220720,000000,7.15,7.15,6.96429,7.05714,0,0
STX,PE,D,20220721,000000,7.05714,7.05714,6.96429,7.05714,0,0
STX,PE,D,20220722,000000,7.05714,7.05714,6.96429,6.96429,0,0
STX,PE,D,20220725,000000,6.96429,6.96429,6.87143,6.96429,0,0
STX,PE,D,20220726,000000,6.96429,7.05714,6.87143,7.05714,0,0
STX,PE,D,20220727,000000,6.96429,7.05714,6.96429,6.96429,0,0
STX,PE,D,20220728,000000,6.96429,6.96429,6.87143,6.96429,0,0
STX,PE,D,20220729,000000,6.96429,7.05714,6.96429,7.05714,0,0
STX,PE,D,20220801,000000,7.05714,7.33571,7.05714,7.33571,0,0
STX,PE,D,20220802,000000,7.33571,7.33571,7.24286,7.24286,0,0
STX,PE,D,20220803,000000,7.24286,7.24286,7.15,7.24286,0,0
STX,PE,D,20220804,000000,7.24286,7.24286,7.15,7.15,0,0
STX,PE,D,20220805,000000,7.15,7.15,7.05714,7.05714,0,0
STX,PE,D,20220808,000000,7.05714,7.15,6.96429,7.15,0,0
STX,PE,D,20220809,000000,7.05714,7.05714,6.87143,6.87143,0,0
STX,PE,D,20220810,000000,6.87143,6.87143,6.68571,6.77857,0,0
STX,PE,D,20220811,000000,6.77857,6.96429,6.68571,6.96429,0,0
STX,PE,D,20220812,000000,6.96429,6.96429,6.96429,6.96429,0,0
STX,PE,D,20220816,000000,6.96429,6.96429,6.68571,6.96429,0,0
STX,PE,D,20220817,000000,6.96429,6.96429,6.68571,6.68571,0,0
STX,PE,D,20220818,000000,6.77857,6.87143,6.77857,6.87143,0,0
STX,PE,D,20220819,000000,6.87143,6.96429,6.77857,6.87143,0,0
STX,PE,D,20220822,000000,6.87143,6.87143,6.77857,6.87143,0,0
STX,PE,D,20220823,000000,6.87143,6.96429,6.87143,6.87143,0,0
STX,PE,D,20220824,000000,6.87143,6.87143,6.77857,6.87143,0,0
STX,PE,D,20220825,000000,6.87143,6.87143,6.77857,6.87143,0,0
STX,PE,D,20220826,000000,6.87143,6.87143,6.77857,6.87143,0,0
STX,PE,D,20220829,000000,6.87143,6.87143,6.77857,6.87143,0,0
STX,PE,D,20220830,000000,6.87143,6.96429,6.87143,6.87143,0,0
STX,PE,D,20220831,000000,6.68571,6.87143,6.68571,6.77857,0,0
STX,PE,D,20220901,000000,6.77857,6.77857,6.68571,6.77857,0,0
STX,PE,D,20220902,000000,6.77857,6.77857,6.77857,6.77857,0,0
STX,PE,D,20220905,000000,6.77857,6.77857,6.59286,6.68571,0,0
STX,PE,D,20220906,000000,6.68571,6.68571,6.59286,6.59286,0,0
STX,PE,D,20220907,000000,6.59286,6.59286,6.40714,6.59286,0,0
STX,PE,D,20220908,000000,6.5,6.68571,6.5,6.68571,0,0
STX,PE,D,20220909,000000,6.68571,6.77857,6.59286,6.68571,0,0
STX,PE,D,20220912,000000,6.68571,6.68571,6.68571,6.68571,0,0
STX,PE,D,20220913,000000,6.59286,6.68571,6.59286,6.59286,0,0
STX,PE,D,20220914,000000,6.59286,6.59286,6.59286,6.59286,0,0
STX,PE,D,20220915,000000,6.59286,6.59286,6.59286,6.59286,0,0
STX,PE,D,20220916,000000,6.59286,6.59286,6.31429,6.5,0,0
STX,PE,D,20220919,000000,6.5,6.5,6.40714,6.5,0,0
STX,PE,D,20220920,000000,6.5,6.5,6.40714,6.5,0,0
STX,PE,D,20220921,000000,6.5,6.68571,6.40714,6.59286,0,0
STX,PE,D,20220922,000000,6.59286,6.59286,6.5,6.59286,0,0
STX,PE,D,20220923,000000,6.5,6.59286,6.5,6.59286,0,0
STX,PE,D,20220926,000000,6.59286,6.59286,6.5,6.5,0,0
STX,PE,D,20220927,000000,6.5,6.5,6.5,6.5,0,0
STX,PE,D,20220928,000000,6.59286,6.59286,6.40714,6.59286,0,0
STX,PE,D,20220929,000000,6.5,6.59286,6.40714,6.59286,0,0
STX,PE,D,20220930,000000,6.5,6.59286,6.5,6.59286,0,0
STX,PE,D,20221003,000000,6.59286,6.59286,6.40714,6.5,0,0
STX,PE,D,20221004,000000,6.5,6.59286,6.40714,6.5,0,0
STX,PE,D,20221005,000000,6.40714,6.5,6.40714,6.5,0,0
STX,PE,D,20221006,000000,6.40714,6.5,6.40714,6.5,0,0
STX,PE,D,20221007,000000,6.5,6.59286,6.5,6.5,0,0
STX,PE,D,20221010,000000,6.5,6.5,6.40714,6.40714,0,0
STX,PE,D,20221011,000000,6.5,6.5,6.40714,6.5,0,0
STX,PE,D,20221012,000000,6.40714,6.5,6.40714,6.5,0,0
STX,PE,D,20221013,000000,6.5,6.5,6.40714,6.5,0,0
STX,PE,D,20221014,000000,6.5,6.59286,6.40714,6.59286,0,0
STX,PE,D,20221017,000000,6.59286,6.59286,6.5,6.59286,0,0
STX,PE,D,20221018,000000,6.59286,6.59286,6.5,6.5,0,0
STX,PE,D,20221019,000000,6.40714,6.5,6.40714,6.5,0,0
STX,PE,D,20221020,000000,6.5,6.59286,6.40714,6.59286,0,0
STX,PE,D,20221021,000000,6.59286,6.59286,6.59286,6.59286,0,0
STX,PE,D,20221024,000000,6.59286,6.59286,6.5,6.59286,0,0
STX,PE,D,20221025,000000,6.59286,6.68571,6.5,6.5,0,0
STX,PE,D,20221026,000000,6.5,6.5,6.40714,6.5,0,0
STX,PE,D,20221027,000000,6.5,6.59286,6.5,6.59286,0,0
STX,PE,D,20221028,000000,6.59286,6.59286,6.5,6.59286,0,0
STX,PE,D,20221031,000000,6.59286,6.59286,6.5,6.59286,0,0
STX,PE,D,20221102,000000,6.59286,6.59286,6.59286,6.59286,0,0
STX,PE,D,20221103,000000,6.5,6.68571,6.5,6.59286,0,0
STX,PE,D,20221104,000000,6.68571,6.87143,6.68571,6.77857,0,0
STX,PE,D,20221107,000000,6.77857,6.87143,6.77857,6.87143,0,0
STX,PE,D,20221108,000000,6.87143,6.96429,6.87143,6.87143,0,0
STX,PE,D,20221109,000000,6.87143,6.87143,6.77857,6.87143,0,0
STX,PE,D,20221110,000000,6.87143,6.87143,6.77857,6.77857,0,0
STX,PE,D,20221114,000000,6.77857,6.77857,6.68571,6.77857,0,0
STX,PE,D,20221115,000000,6.87143,6.87143,6.68571,6.77857,0,0
STX,PE,D,20221116,000000,6.68571,6.68571,6.59286,6.68571,0,0
STX,PE,D,20221117,000000,6.68571,6.77857,6.68571,6.77857,0,0
STX,PE,D,20221118,000000,6.68571,6.87143,6.68571,6.87143,0,0
STX,PE,D,20221121,000000,6.87143,6.96429,6.87143,6.87143,0,0
STX,PE,D,20221122,000000,6.87143,6.87143,6.59286,6.59286,0,0
STX,PE,D,20221123,000000,6.59286,6.68571,6.5,6.59286,0,0
STX,PE,D,20221124,000000,6.77857,6.77857,6.40714,6.59286,0,0
STX,PE,D,20221125,000000,6.68571,6.68571,6.59286,6.59286,0,0
STX,PE,D,20221128,000000,6.59286,6.59286,6.59286,6.59286,0,0
STX,PE,D,20221129,000000,6.59286,6.68571,6.5,6.68571,0,0
STX,PE,D,20221130,000000,6.68571,6.68571,6.5,6.59286,0,0
STX,PE,D,20221201,000000,6.68571,6.68571,6.59286,6.68571,0,0
STX,PE,D,20221202,000000,6.68571,6.68571,6.59286,6.68571,0,0
STX,PE,D,20221205,000000,6.68571,6.87143,6.68571,6.77857,0,0
STX,PE,D,20221206,000000,6.77857,6.87143,6.68571,6.87143,0,0
STX,PE,D,20221207,000000,6.87143,6.87143,6.77857,6.87143,0,0
STX,PE,D,20221208,000000,6.87143,6.87143,6.77857,6.77857,0,0
STX,PE,D,20221209,000000,6.77857,6.77857,6.68571,6.77857,0,0
STX,PE,D,20221212,000000,6.77857,6.77857,6.77857,6.77857,0,0
STX,PE,D,20221213,000000,6.77857,6.77857,6.68571,6.77857,0,0
STX,PE,D,20221214,000000,6.77857,6.77857,6.68571,6.68571,0,0
STX,PE,D,20221215,000000,6.68571,6.68571,6.59286,6.68571,0,0
STX,PE,D,20221216,000000,6.68571,6.68571,6.59286,6.68571,0,0
STX,PE,D,20221219,000000,6.68571,6.68571,6.59286,6.68571,0,0
STX,PE,D,20221220,000000,6.59286,6.77857,6.59286,6.68571,0,0
STX,PE,D,20221221,000000,6.68571,6.77857,6.68571,6.68571,0,0
STX,PE,D,20221222,000000,6.68571,6.68571,6.59286,6.68571,0,0
STX,PE,D,20221223,000000,6.59286,6.68571,6.59286,6.59286,0,0
STX,PE,D,20221227,000000,6.59286,6.59286,6.40714,6.5,0,0
STX,PE,D,20221228,000000,6.59286,6.59286,6.5,6.5,0,0
STX,PE,D,20221229,000000,6.5,6.68571,6.5,6.68571,0,0
STX,PE,D,20221230,000000,6.68571,6.77857,6.59286,6.77857,0,0
STX,PE,D,20230102,000000,6.68571,6.77857,6.68571,6.68571,0,0
STX,PE,D,20230103,000000,6.77857,6.77857,6.68571,6.68571,0,0
STX,PE,D,20230104,000000,6.68571,6.77857,6.68571,6.68571,0,0
STX,PE,D,20230105,000000,6.68571,6.77857,6.68571,6.77857,0,0
STX,PE,D,20230109,000000,6.77857,6.77857,6.68571,6.68571,0,0
STX,PE,D,20230110,000000,6.68571,6.68571,6.68571,6.68571,0,0
STX,PE,D,20230111,000000,6.68571,6.68571,6.68571,6.68571,0,0
STX,PE,D,20230112,000000,6.68571,6.68571,6.68571,6.68571,0,0
STX,PE,D,20230113,000000,6.68571,6.68571,6.68571,6.68571,0,0
STX,PE,D,20230116,000000,6.68571,6.77857,6.68571,6.77857,0,0
STX,PE,D,20230117,000000,6.77857,6.77857,6.77857,6.77857,0,0
STX,PE,D,20230118,000000,6.77857,6.77857,6.77857,6.77857,0,0
STX,PE,D,20230119,000000,6.77857,6.87143,6.77857,6.77857,0,0
STX,PE,D,20230120,000000,6.77857,7.24286,6.77857,7.24286,0,0
STX,PE,D,20230123,000000,7.24286,7.24286,7.15,7.24286,0,0
STX,PE,D,20230124,000000,7.24286,7.33571,7.24286,7.33571,0,0
STX,PE,D,20230125,000000,7.24286,7.42857,7.24286,7.33571,0,0
STX,PE,D,20230126,000000,7.33571,7.61429,7.33571,7.52143,0,0
STX,PE,D,20230127,000000,7.52143,7.52143,7.33571,7.42857,0,0
STX,PE,D,20230130,000000,7.42857,7.61429,7.42857,7.52143,0,0
STX,PE,D,20230131,000000,7.42857,7.52143,7.42857,7.52143,0,0
STX,PE,D,20230201,000000,7.52143,7.52143,7.42857,7.52143,0,0
STX,PE,D,20230202,000000,7.52143,7.52143,7.42857,7.42857,0,0
STX,PE,D,20230203,000000,7.42857,7.42857,7.33571,7.42857,0,0
STX,PE,D,20230206,000000,7.42857,7.42857,7.15,7.24286,0,0
STX,PE,D,20230207,000000,7.24286,7.33571,7.05714,7.05714,0,0
STX,PE,D,20230208,000000,7.15,7.33571,7.05714,7.15,0,0
STX,PE,D,20230209,000000,7.33571,7.33571,7.15,7.15,0,0
STX,PE,D,20230210,000000,7.15,7.24286,7.15,7.15,0,0
STX,PE,D,20230213,000000,7.24286,7.33571,7.15,7.24286,0,0
STX,PE,D,20230214,000000,7.24286,7.24286,7.15,7.15,0,0
STX,PE,D,20230215,000000,7.15,7.15,7.05714,7.15,0,0
STX,PE,D,20230216,000000,7.15,7.15,7.05714,7.15,0,0
STX,PE,D,20230217,000000,7.05714,7.15,7.05714,7.15,0,0
STX,PE,D,20230220,000000,7.15,7.24286,7.05714,7.05714,0,0
STX,PE,D,20230221,000000,7.15,7.15,6.96429,7.05714,0,0
STX,PE,D,20230222,000000,7.15,7.15,6.96429,7.05714,0,0
STX,PE,D,20230223,000000,7.05714,7.05714,6.96429,7.05714,0,0
STX,PE,D,20230224,000000,6.96429,7.05714,6.96429,7.05714,0,0
STX,PE,D,20230227,000000,7.05714,7.24286,7.05714,7.24286,0,0
STX,PE,D,20230228,000000,7.24286,7.24286,7.15,7.24286,0,0
STX,PE,D,20230301,000000,7.24286,7.33571,7.15,7.15,0,0
STX,PE,D,20230302,000000,7.15,7.15,7.05714,7.05714,0,0
STX,PE,D,20230303,000000,7.05714,7.15,7.05714,7.15,0,0
STX,PE,D,20230306,000000,7.05714,7.15,7.05714,7.15,0,0
STX,PE,D,20230307,000000,7.15,8.07857,7.05714,8.07857,0,0
STX,PE,D,20230308,000000,8.07857,8.07857,8.07857,8.07857,0,0
STX,PE,D,20230309,000000,8.07857,8.07857,8.07857,8.07857,0,0
STX,PE,D,20230310,000000,8.17143,8.17143,7.98571,8.07857,0,0
STX,PE,D,20230313,000000,8.17143,8.17143,7.89286,7.98571,0,0
STX,PE,D,20230314,000000,8.07857,8.07857,7.98571,8.07857,0,0
STX,PE,D,20230315,000000,7.98571,8.07857,7.89286,7.98571,0,0
STX,PE,D,20230316,000000,7.89286,7.98571,7.89286,7.89286,0,0
STX,PE,D,20230317,000000,7.98571,7.98571,7.8,7.89286,0,0
STX,PE,D,20230320,000000,7.98571,7.98571,7.89286,7.89286,0,0
STX,PE,D,20230321,000000,7.89286,7.89286,7.8,7.8,0,0
STX,PE,D,20230322,000000,7.8,7.89286,7.8,7.89286,0,0
STX,PE,D,20230323,000000,7.89286,7.89286,7.8,7.89286,0,0
STX,PE,D,20230324,000000,7.89286,7.89286,7.8,7.8,0,0
STX,PE,D,20230327,000000,7.8,7.8,7.70714,7.8,0,0
STX,PE,D,20230328,000000,7.8,7.89286,7.8,7.8,0,0
STX,PE,D,20230329,000000,7.89286,7.89286,7.8,7.89286,0,0
STX,PE,D,20230330,000000,7.89286,7.89286,7.8,7.8,0,0
STX,PE,D,20230331,000000,7.8,7.98571,7.8,7.8,0,0
STX,PE,D,20230403,000000,7.89286,7.98571,7.89286,7.98571,0,0
STX,PE,D,20230404,000000,7.98571,8.07857,7.98571,7.98571,0,0
STX,PE,D,20230405,000000,8.07857,8.07857,7.98571,8.07857,0,0
STX,PE,D,20230406,000000,8.17143,8.17143,8.07857,8.07857,0,0
STX,PE,D,20230411,000000,8.17143,8.17143,7.98571,8.07857,0,0
STX,PE,D,20230412,000000,8.7,8.8,8.1,8.1,0,0
STX,PE,D,20230413,000000,8.1,8.2,8,8.1,0,0
STX,PE,D,20230414,000000,8.1,8.2,8.1,8.1,0,0
STX,PE,D,20230417,000000,8.2,8.2,8.1,8.1,0,0
STX,PE,D,20230418,000000,8.1,8.2,8.1,8.1,0,0
STX,PE,D,20230419,000000,8.1,8.2,8.1,8.1,0,0
STX,PE,D,20230420,000000,8.1,8.1,8,8.1,0,0
STX,PE,D,20230421,000000,8.1,8.1,8,8.1,0,0
STX,PE,D,20230424,000000,8.1,8.1,8,8.1,0,0
STX,PE,D,20230425,000000,8.1,8.1,8,8,0,0
STX,PE,D,20230426,000000,8,8,7.8,7.9,0,0
STX,PE,D,20230427,000000,8,8.1,7.9,8,0,0
STX,PE,D,20230428,000000,8,8.1,7.8,7.8,0,0
STX,PE,D,20230502,000000,7.8,8,7.8,8,0,0
STX,PE,D,20230504,000000,8,8.1,7.9,8.1,0,0
STX,PE,D,20230505,000000,8.1,8.1,8,8.1,0,0
STX,PE,D,20230508,000000,8,8.2,8,8.1,0,0
STX,PE,D,20230509,000000,8.1,8.1,8,8.1,0,0
STX,PE,D,20230510,000000,8.1,8.1,7.7,7.7,0,0
STX,PE,D,20230511,000000,7.7,7.8,7.6,7.7,0,0
STX,PE,D,20230512,000000,7.6,7.8,7.6,7.8,0,0
STX,PE,D,20230515,000000,7.8,7.9,7.7,7.8,0,0
STX,PE,D,20230516,000000,7.8,7.9,7.6,7.7,0,0
STX,PE,D,20230517,000000,7.7,7.7,7.4,7.5,0,0
STX,PE,D,20230518,000000,7.4,8.4,7.4,8.1,0,0
STX,PE,D,20230519,000000,8.1,8.1,7.7,7.9,0,0
STX,PE,D,20230522,000000,8,8,7.8,7.8,0,0
STX,PE,D,20230523,000000,7.8,7.9,7.8,7.8,0,0
STX,PE,D,20230524,000000,7.8,7.8,7.7,7.8,0,0
STX,PE,D,20230525,000000,7.8,7.8,7.7,7.8,0,0
STX,PE,D,20230526,000000,7.8,8.2,7.8,8.1,0,0
STX,PE,D,20230529,000000,8.2,8.4,8.2,8.3,0,0
STX,PE,D,20230530,000000,8.3,8.4,8.2,8.3,0,0
STX,PE,D,20230531,000000,8.4,8.5,8.2,8.3,0,0
STX,PE,D,20230601,000000,8.3,8.4,8.2,8.4,0,0
STX,PE,D,20230602,000000,8.4,8.4,8.3,8.4,0,0
STX,PE,D,20230605,000000,8.4,8.4,8.2,8.3,0,0
STX,PE,D,20230606,000000,8.4,8.4,8.2,8.3,0,0
STX,PE,D,20230607,000000,8.2,8.3,8,8.2,0,0
STX,PE,D,20230609,000000,8.2,8.2,8.1,8.1,0,0
STX,PE,D,20230612,000000,8.1,8.1,8,8.1,0,0
STX,PE,D,20230613,000000,8.1,8.1,7.9,8,0,0
STX,PE,D,20230614,000000,8,8.1,7.9,8.1,0,0
STX,PE,D,20230615,000000,8.2,8.2,8.1,8.1,0,0
STX,PE,D,20230616,000000,8,8.1,8,8.1,0,0
STX,PE,D,20230619,000000,8,8,7.9,8,0,0
STX,PE,D,20230620,000000,7.9,8,7.9,8,0,0
STX,PE,D,20230621,000000,7.9,8,7.8,7.9,0,0
STX,PE,D,20230622,000000,7.9,7.9,7.8,7.9,0,0
STX,PE,D,20230623,000000,7.9,7.9,7.8,7.9,0,0
STX,PE,D,20230626,000000,7.8,7.9,7.8,7.8,0,0
STX,PE,D,20230627,000000,7.8,7.8,7.7,7.8,0,0
STX,PE,D,20230628,000000,7.8,7.9,7.8,7.9,0,0
STX,PE,D,20230629,000000,8,8,7.8,7.9,0,0
STX,PE,D,20230630,000000,7.9,8,7.8,8,0,0
STX,PE,D,20230703,000000,8.1,8.2,7.9,7.9,0,0
STX,PE,D,20230704,000000,7.9,7.9,7.8,7.9,0,0
STX,PE,D,20230705,000000,7.9,8,7.8,8,0,0
STX,PE,D,20230706,000000,8,8,7.9,7.9,0,0
STX,PE,D,20230707,000000,7.9,8,7.9,7.9,0,0
STX,PE,D,20230710,000000,7.9,8,7.9,8,0,0
STX,PE,D,20230711,000000,8,8.1,8,8,0,0
STX,PE,D,20230712,000000,8,8.3,7.9,8.3,0,0
STX,PE,D,20230713,000000,8.3,8.3,8.1,8.1,0,0
STX,PE,D,20230714,000000,8.2,8.2,8.1,8.2,0,0
STX,PE,D,20230717,000000,8.2,8.4,8.2,8.3,0,0
STX,PE,D,20230718,000000,8.3,8.3,8.1,8.1,0,0
STX,PE,D,20230719,000000,8.2,8.2,8.1,8.2,0,0
STX,PE,D,20230720,000000,8.2,8.2,8.1,8.1,0,0
STX,PE,D,20230721,000000,8.2,8.2,8,8.1,0,0
STX,PE,D,20230724,000000,8.1,8.2,8,8.2,0,0
STX,PE,D,20230725,000000,8.2,8.2,8.1,8.1,0,0
STX,PE,D,20230726,000000,8,8.1,8,8.1,0,0
STX,PE,D,20230727,000000,8.1,8.1,8.1,8.1,0,0
STX,PE,D,20230728,000000,8.1,8.1,8,8.1,0,0
STX,PE,D,20230731,000000,8,8.1,8,8,0,0
STX,PE,D,20230801,000000,8,8,8,8,0,0
STX,PE,D,20230802,000000,8,8.1,7.9,8.1,0,0
STX,PE,D,20230803,000000,8.1,8.1,7.9,7.9,0,0
STX,PE,D,20230804,000000,7.9,8.1,7.8,8.1,0,0
STX,PE,D,20230807,000000,8.07,8.07,7.952,8,0,0
STX,PE,D,20230808,000000,7.971,8,7.912,8,0,0
STX,PE,D,20230809,000000,7.912,8,7.882,8,0,0
STX,PE,D,20230810,000000,7.91,7.999,7.9,7.9,0,0
STX,PE,D,20230811,000000,7.871,7.93,7.812,7.9,0,0
STX,PE,D,20230814,000000,7.989,7.989,7.9,7.9,0,0
STX,PE,D,20230816,000000,7.9,7.9,7.812,7.9,0,0
STX,PE,D,20230817,000000,7.9,7.93,7.871,7.9,0,0
STX,PE,D,20230818,000000,7.9,7.93,7.871,7.9,0,0
STX,PE,D,20230821,000000,7.929,8.077,7.87,8,0,0
STX,PE,D,20230822,000000,7.881,7.97,7.852,7.9,0,0
STX,PE,D,20230823,000000,7.87,7.9,7.781,7.9,0,0
STX,PE,D,20230824,000000,7.9,7.9,7.8,7.8,0,0
STX,PE,D,20230825,000000,7.8,7.859,7.74,7.8,0,0
STX,PE,D,20230828,000000,7.8,7.8,7.651,7.7,0,0
STX,PE,D,20230829,000000,7.67,7.729,7.67,7.7,0,0
STX,PE,D,20230830,000000,7.64,7.699,7.581,7.6,0,0
STX,PE,D,20230831,000000,7.599,7.688,7.569,7.6,0,0
STX,PE,D,20230901,000000,7.599,7.7,7.57,7.7,0,0
STX,PE,D,20230904,000000,7.669,7.699,7.6,7.6,0,0
STX,PE,D,20230905,000000,7.57,7.6,7.393,7.6,0,0
STX,PE,D,20230906,000000,7.601,7.66,7.571,7.6,0,0
STX,PE,D,20230907,000000,7.57,7.6,7.511,7.6,0,0
STX,PE,D,20230908,000000,7.569,7.629,7.392,7.5,0,0
STX,PE,D,20230911,000000,7.471,7.679,7.471,7.5,0,0
STX,PE,D,20230912,000000,7.5,7.5,7.382,7.5,0,0
STX,PE,D,20230913,000000,7.47,7.499,7.4,7.4,0,0
STX,PE,D,20230914,000000,7.4,7.459,7.341,7.4,0,0
STX,PE,D,20230915,000000,7.43,7.5,7.342,7.5,0,0
STX,PE,D,20230918,000000,7.501,7.53,7.441,7.5,0,0
STX,PE,D,20230919,000000,7.501,7.53,7.441,7.5,0,0
STX,PE,D,20230920,000000,7.501,7.53,7.441,7.5,0,0
STX,PE,D,20230921,000000,7.499,7.499,7.381,7.4,0,0
STX,PE,D,20230922,000000,7.401,7.43,7.372,7.4,0,0
STX,PE,D,20230925,000000,7.37,7.429,7.37,7.4,0,0
STX,PE,D,20230926,000000,7.43,7.43,7.4,7.4,0,0
STX,PE,D,20230927,000000,7.401,7.43,7.4,7.4,0,0
STX,PE,D,20230928,000000,7.311,7.4,7.252,7.3,0,0
STX,PE,D,20230929,000000,7.359,7.448,7.359,7.4,0,0
STX,PE,D,20231002,000000,7.371,7.401,5,5,0,0
STX,PE,D,20231003,000000,5,5,4.98,5,0,0
STX,PE,D,20231004,000000,5.082,5.1,5,5.1,0,0
